MI|TE1|rTE1|TE2|rTE2|2|3_1|3_2|4_1|4_2|5|6_1|6_2|3_1_I|3_2_I|4_1_I|4_2_I|5_I|6_1_I|6_2_I|
001:+0.000|+0.000|+0.693|+0.693|+0.000|+0.000|-0.000|+0.000|-0.000|+0.000|-0.000|+0.000|-0.000|+0.693|+0.000|+0.000|-0.000|-0.000|+0.000|+0.693|
002:+0.000|+0.000|+0.693|+0.693|+0.000|-0.000|+0.000|+0.000|+0.000|-0.000|+0.000|+0.000|+0.000|+0.693|+0.000|-0.000|+0.000|-0.000|+0.000|+0.693|
003:+0.000|+0.000|+0.693|+0.693|+0.000|+0.000|-0.000|+0.000|-0.000|+0.000|+0.000|+0.000|-0.000|+0.693|+0.000|+0.000|-0.000|+0.000|+0.000|+0.693|
004:+0.000|+0.000|+0.693|+0.693|+0.000|+0.000|+0.000|+0.000|-0.131|-0.000|-0.000|+0.000|-0.131|+0.693|+0.000|+0.000|-0.000|+0.000|+0.000|+0.693|
005:+0.000|+0.000|+0.693|+0.693|+0.000|+0.000|-0.000|+0.000|+0.129|-0.137|+0.000|+0.000|-0.007|+0.693|+0.000|-0.131|-0.000|+0.000|+0.000|+0.562|
006:+0.000|+0.000|+0.556|+0.556|+0.000|-0.000|-0.133|+0.000|+0.004|+0.130|-0.000|+0.000|+0.001|+0.693|+0.000|-0.002|-0.137|+0.000|+0.000|+0.555|
007:+0.000|+0.000|+0.553|+0.553|+0.000|+0.000|+0.003|+0.000|-0.000|+0.003|-0.000|+0.000|+0.006|+0.560|+0.000|+0.002|-0.007|+0.000|+0.000|+0.555|
008:+0.000|+0.000|+0.560|+0.560|+0.000|+0.000|+0.001|+0.000|-0.017|+0.014|-0.000|+0.000|-0.002|+0.563|+0.000|+0.002|-0.003|+0.000|+0.000|+0.561|
009:+0.000|+0.000|+0.575|+0.575|+0.000|-0.000|-0.004|+0.000|+0.011|-0.009|-0.000|+0.000|-0.002|+0.564|+0.000|-0.015|+0.010|-0.000|+0.000|+0.560|
010:+0.000|+0.000|+0.562|+0.561|+0.000|+0.000|+0.002|+0.000|+0.094|+0.010|+0.000|+0.000|+0.105|+0.560|+0.000|-0.004|+0.001|-0.000|+0.000|+0.558|
011:+0.000|+0.000|+0.573|+0.573|+0.000|+0.000|-0.000|+0.000|-0.091|+0.089|-0.000|+0.000|-0.002|+0.562|+0.000|+0.090|+0.011|+0.000|+0.000|+0.663|
012:+0.000|+0.000|+0.662|+0.662|+0.000|-0.000|+0.103|+0.000|+0.001|-0.102|-0.000|+0.000|+0.001|+0.561|+0.000|-0.001|+0.100|-0.000|+0.000|+0.661|
013:+0.000|+0.000|+0.662|+0.662|+0.000|-0.000|+0.001|+0.000|-0.184|-0.002|+0.000|+0.000|-0.185|+0.664|+0.000|+0.000|-0.002|-0.000|+0.000|+0.663|
014:+0.000|+0.000|+0.661|+0.661|+0.000|+0.000|+0.001|+0.000|+0.181|-0.178|+0.000|+0.000|+0.004|+0.665|+0.000|-0.183|-0.004|+0.000|+0.000|+0.478|
015:+0.000|+0.000|+0.484|+0.484|+0.000|+0.000|-0.182|+0.000|+0.013|+0.168|-0.000|+0.000|-0.000|+0.666|+0.000|-0.002|-0.182|+0.000|+0.000|+0.482|
016:+0.000|+0.000|+0.470|+0.470|+0.000|-0.000|-0.008|+0.000|-0.065|+0.019|+0.000|+0.000|-0.054|+0.484|+0.000|+0.012|-0.013|+0.000|+0.000|+0.482|
017:+0.000|+0.000|+0.481|+0.482|+0.000|+0.000|+0.001|+0.000|+0.061|-0.052|-0.000|+0.000|+0.011|+0.476|+0.000|-0.054|+0.006|+0.000|+0.000|+0.428|
018:+0.000|+0.000|+0.431|+0.431|+0.000|+0.000|-0.047|-0.000|+0.127|+0.044|+0.000|+0.000|+0.123|+0.477|+0.000|+0.007|-0.046|+0.000|+0.000|+0.439|
019:+0.000|+0.000|+0.428|+0.428|+0.000|+0.000|+0.006|+0.000|-0.028|+0.122|-0.000|+0.000|+0.100|+0.430|+0.000|+0.134|-0.002|+0.000|+0.000|+0.562|
020:+0.000|+0.000|+0.556|+0.556|+0.000|-0.000|+0.127|-0.000|-0.097|-0.026|+0.000|+0.000|+0.004|+0.436|+0.000|+0.106|+0.120|-0.000|+0.000|+0.662|
021:+0.000|+0.000|+0.657|+0.657|+0.000|+0.000|+0.098|+0.000|-0.006|-0.096|+0.000|+0.000|-0.005|+0.564|-0.000|+0.009|+0.094|-0.000|+0.000|+0.666|
022:+0.000|+0.000|+0.659|+0.659|+0.000|+0.000|-0.002|+0.000|-0.176|+0.003|-0.000|+0.000|-0.175|+0.662|+0.000|+0.002|-0.003|-0.000|+0.000|+0.662|
023:+0.000|+0.000|+0.660|+0.660|+0.000|+0.000|+0.005|+0.000|+0.174|-0.187|+0.000|+0.000|-0.009|+0.659|+0.000|-0.173|+0.000|-0.000|+0.000|+0.487|
024:+0.000|+0.000|+0.478|+0.478|+0.000|-0.000|-0.185|-0.000|-0.021|+0.206|-0.000|+0.000|+0.000|+0.664|+0.000|+0.000|-0.187|-0.000|+0.000|+0.478|
025:+0.000|+0.000|+0.499|+0.499|+0.000|+0.000|-0.000|+0.000|-0.013|-0.024|-0.000|+0.000|-0.037|+0.479|-0.000|-0.020|+0.020|-0.000|+0.000|+0.478|
026:+0.000|+0.000|+0.475|+0.475|+0.000|+0.000|+0.016|+0.000|+0.034|-0.059|+0.000|+0.000|-0.009|+0.479|-0.000|-0.034|-0.004|-0.000|+0.000|+0.441|
027:+0.000|+0.000|+0.432|+0.432|+0.000|+0.000|-0.066|+0.000|+0.130|+0.067|-0.000|+0.000|+0.131|+0.495|-0.000|+0.000|-0.063|+0.000|+0.000|+0.432|
028:+0.000|+0.000|+0.433|+0.433|+0.000|-0.000|+0.010|+0.000|-0.035|+0.124|+0.000|+0.000|+0.099|+0.429|+0.000|+0.131|+0.004|-0.000|+0.000|+0.563|
029:+0.000|+0.000|+0.567|+0.567|+0.000|+0.000|+0.125|+0.000|-0.094|-0.032|-0.000|+0.000|-0.001|+0.438|+0.000|+0.095|+0.128|+0.000|+0.000|+0.662|
030:+0.000|+0.000|+0.660|+0.660|+0.000|+0.000|+0.102|-0.000|+0.003|-0.105|+0.000|+0.000|-0.001|+0.563|+0.000|+0.001|+0.097|-0.000|+0.000|+0.661|
031:+0.000|+0.000|+0.656|+0.656|+0.000|+0.000|-0.002|+0.000|-0.186|+0.009|-0.000|+0.000|-0.179|+0.665|+0.000|+0.003|-0.008|+0.000|+0.000|+0.660|
032:+0.000|+0.000|+0.663|+0.663|+0.000|-0.000|-0.004|+0.000|+0.177|-0.174|-0.000|+0.000|-0.001|+0.663|+0.000|-0.183|+0.001|-0.000|+0.000|+0.481|
033:+0.000|+0.000|+0.485|+0.485|+0.000|+0.000|-0.180|+0.000|+0.022|+0.160|-0.000|+0.000|+0.002|+0.659|+0.000|-0.006|-0.174|-0.000|+0.000|+0.479|
034:+0.000|+0.000|+0.466|+0.466|+0.000|-0.000|-0.001|+0.000|-0.057|+0.021|+0.000|+0.000|-0.037|+0.479|+0.000|+0.016|-0.013|-0.000|+0.000|+0.481|
035:+0.000|+0.000|+0.486|+0.486|+0.000|-0.000|+0.009|+0.000|+0.039|-0.061|-0.000|+0.000|-0.013|+0.478|+0.000|-0.041|+0.008|+0.000|+0.000|+0.444|
036:+0.000|+0.000|+0.434|+0.434|+0.000|-0.000|-0.061|+0.000|+0.121|+0.065|+0.000|+0.000|+0.125|+0.487|+0.000|-0.003|-0.053|+0.000|+0.000|+0.431|
037:+0.000|+0.000|+0.438|+0.438|+0.000|-0.000|-0.002|+0.000|-0.013|+0.118|-0.000|+0.000|+0.103|+0.426|+0.000|+0.118|+0.012|+0.000|+0.000|+0.556|
038:+0.000|+0.000|+0.553|+0.553|+0.000|+0.000|+0.140|+0.000|-0.104|-0.029|+0.000|+0.000|+0.007|+0.424|+0.000|+0.105|+0.129|-0.000|+0.000|+0.659|
039:+0.000|+0.000|+0.664|+0.664|+0.000|+0.000|+0.099|+0.000|-0.007|-0.101|+0.000|+0.000|-0.009|+0.564|+0.000|+0.001|+0.100|+0.000|+0.000|+0.665|
