MI|TE1|rTE1|TE2|rTE2|2|3_1|3_2|4_1|4_2|5|6_1|6_2|3_1_I|3_2_I|4_1_I|4_2_I|5_I|6_1_I|6_2_I|
001:+0.001|+0.004|+0.440|+0.673|+0.009|-0.207|-0.081|+0.013|+0.000|+0.009|+0.000|-0.062|-0.082|+1.605|+0.936|-0.065|-0.063|+0.020|+1.085|+1.514|
002:+0.017|+0.005|+0.431|+0.584|+0.016|-0.123|-0.083|-0.033|+0.021|+0.031|-0.006|-0.031|-0.042|+1.524|+0.948|-0.064|-0.054|+0.021|+1.023|+1.432|
003:+0.038|+0.006|+0.418|+0.545|+0.014|-0.106|-0.039|-0.033|+0.025|-0.008|-0.014|-0.020|-0.019|+1.440|+0.916|-0.043|-0.023|+0.014|+0.991|+1.390|
004:+0.045|+0.007|+0.407|+0.518|+0.013|-0.106|-0.029|-0.029|+0.013|+0.029|-0.008|+0.004|+0.001|+1.402|+0.883|-0.018|-0.031|-0.000|+0.971|+1.370|
005:+0.051|+0.006|+0.410|+0.529|+0.016|-0.118|+0.003|-0.015|+0.004|+0.017|+0.007|+0.009|+0.008|+1.372|+0.855|-0.005|-0.002|-0.008|+0.975|+1.371|
006:+0.045|+0.005|+0.412|+0.553|+0.014|-0.133|+0.013|+0.006|+0.008|+0.000|+0.006|+0.012|+0.014|+1.375|+0.840|-0.001|+0.015|-0.001|+0.984|+1.379|
007:+0.035|+0.004|+0.406|+0.557|+0.011|-0.139|+0.007|-0.011|+0.011|-0.003|-0.007|+0.007|+0.013|+1.388|+0.845|+0.007|+0.015|+0.005|+0.996|+1.393|
008:+0.040|+0.004|+0.410|+0.563|+0.011|-0.146|+0.026|+0.008|-0.006|-0.005|+0.004|+0.012|+0.013|+1.396|+0.835|+0.019|+0.013|-0.001|+1.003|+1.406|
009:+0.035|+0.005|+0.416|+0.582|+0.017|-0.152|+0.003|+0.005|-0.014|-0.007|-0.008|-0.006|+0.004|+1.422|+0.843|+0.013|+0.007|+0.002|+1.015|+1.419|
010:+0.040|+0.006|+0.427|+0.585|+0.014|-0.155|-0.001|-0.000|+0.007|+0.009|+0.003|-0.004|+0.007|+1.425|+0.848|-0.001|+0.001|-0.006|+1.009|+1.423|
011:+0.041|+0.005|+0.436|+0.588|+0.014|-0.146|+0.006|+0.014|-0.012|-0.017|-0.002|-0.003|-0.008|+1.424|+0.847|+0.006|+0.010|-0.002|+1.005|+1.430|
012:+0.035|+0.006|+0.431|+0.575|+0.013|-0.142|-0.003|+0.003|-0.005|+0.002|+0.002|+0.004|-0.004|+1.430|+0.861|-0.006|-0.007|-0.005|+1.002|+1.422|
013:+0.036|+0.007|+0.426|+0.577|+0.014|-0.147|-0.004|-0.007|+0.014|+0.000|+0.003|+0.000|+0.001|+1.427|+0.864|-0.011|-0.006|-0.003|+1.006|+1.418|
014:+0.040|+0.004|+0.416|+0.572|+0.013|-0.148|+0.001|-0.007|-0.004|+0.009|+0.002|+0.006|-0.006|+1.423|+0.857|+0.003|-0.005|+0.000|+1.006|+1.419|
015:+0.036|+0.005|+0.418|+0.582|+0.015|-0.152|+0.010|+0.007|-0.012|-0.013|-0.001|-0.003|-0.007|+1.424|+0.850|-0.001|+0.004|+0.002|+1.013|+1.413|
016:+0.039|+0.006|+0.420|+0.581|+0.017|-0.148|-0.015|-0.003|+0.001|+0.022|-0.001|+0.002|+0.002|+1.434|+0.857|-0.013|-0.009|+0.001|+1.010|+1.406|
017:+0.038|+0.006|+0.427|+0.581|+0.014|-0.146|+0.010|-0.003|+0.007|-0.016|+0.002|-0.006|+0.002|+1.419|+0.854|-0.012|+0.013|+0.000|+1.012|+1.408|
018:+0.035|+0.006|+0.424|+0.580|+0.014|-0.145|-0.011|+0.005|+0.008|-0.004|-0.004|+0.001|-0.001|+1.429|+0.851|-0.005|-0.003|+0.002|+1.005|+1.410|
019:+0.037|+0.005|+0.411|+0.561|+0.013|-0.143|+0.003|-0.006|+0.000|+0.008|-0.001|+0.003|+0.009|+1.418|+0.857|+0.003|-0.007|-0.002|+1.006|+1.409|
020:+0.035|+0.005|+0.421|+0.576|+0.015|-0.148|-0.003|+0.000|-0.004|+0.003|-0.003|-0.001|+0.003|+1.421|+0.851|+0.003|+0.002|-0.003|+1.010|+1.418|
021:+0.039|+0.005|+0.425|+0.576|+0.011|-0.152|+0.008|+0.006|+0.011|-0.014|-0.004|+0.007|+0.010|+1.418|+0.851|-0.001|+0.004|-0.006|+1.009|+1.421|
022:+0.041|+0.007|+0.417|+0.569|+0.015|-0.153|+0.000|-0.008|-0.006|+0.003|+0.008|-0.002|-0.014|+1.426|+0.857|+0.010|-0.009|-0.010|+1.016|+1.431|
023:+0.041|+0.007|+0.414|+0.576|+0.014|-0.157|-0.000|+0.013|-0.006|+0.004|+0.004|-0.003|-0.005|+1.426|+0.850|+0.004|-0.006|-0.001|+1.014|+1.417|
024:+0.034|+0.006|+0.416|+0.569|+0.015|-0.141|-0.012|-0.012|+0.006|+0.007|-0.005|-0.014|+0.011|+1.426|+0.862|-0.002|-0.002|+0.003|+1.011|+1.412|
025:+0.042|+0.005|+0.431|+0.577|+0.012|-0.143|+0.007|+0.006|-0.002|-0.005|+0.004|+0.015|-0.009|+1.414|+0.851|+0.004|+0.005|-0.003|+0.997|+1.423|
026:+0.039|+0.006|+0.415|+0.569|+0.014|-0.145|+0.012|-0.005|-0.012|-0.009|-0.014|+0.002|+0.010|+1.421|+0.857|+0.003|+0.001|+0.001|+1.012|+1.414|
027:+0.034|+0.006|+0.430|+0.579|+0.010|-0.157|+0.007|+0.036|+0.007|-0.003|+0.008|-0.006|+0.021|+1.433|+0.852|-0.009|-0.008|-0.013|+1.014|+1.424|
028:+0.023|+0.003|+0.429|+0.560|+0.007|-0.132|-0.014|+0.006|-0.005|+0.007|+0.004|-0.002|-0.009|+1.440|+0.888|-0.002|-0.011|-0.005|+1.008|+1.445|
029:+0.019|+0.004|+0.421|+0.557|+0.009|-0.131|-0.008|-0.007|+0.007|+0.009|-0.001|-0.004|+0.007|+1.426|+0.894|-0.006|-0.004|-0.001|+1.006|+1.436|
030:+0.019|+0.004|+0.429|+0.561|+0.008|-0.130|-0.002|+0.009|+0.002|-0.001|+0.001|-0.013|+0.007|+1.418|+0.888|+0.001|+0.006|-0.002|+1.001|+1.443|
031:+0.016|+0.004|+0.438|+0.557|+0.008|-0.116|+0.001|-0.001|-0.003|-0.006|+0.006|+0.000|-0.009|+1.416|+0.897|+0.003|+0.005|-0.001|+0.988|+1.450|
032:+0.016|+0.003|+0.426|+0.557|+0.007|-0.122|+0.003|-0.002|-0.009|+0.008|-0.003|+0.016|-0.004|+1.416|+0.896|-0.000|-0.001|+0.005|+0.988|+1.441|
033:+0.016|+0.005|+0.426|+0.563|+0.009|-0.131|-0.001|+0.002|+0.015|-0.004|+0.001|+0.003|+0.005|+1.419|+0.894|-0.009|+0.007|+0.002|+1.004|+1.437|
034:+0.017|+0.004|+0.415|+0.553|+0.010|-0.129|+0.000|-0.006|-0.005|-0.008|-0.004|-0.014|-0.002|+1.419|+0.896|+0.006|+0.004|+0.003|+1.007|+1.442|
035:+0.018|+0.004|+0.426|+0.558|+0.008|-0.128|+0.007|+0.002|+0.011|-0.002|+0.001|+0.007|+0.007|+1.419|+0.890|+0.000|-0.004|-0.000|+0.993|+1.440|
036:+0.018|+0.005|+0.423|+0.554|+0.008|-0.126|-0.010|+0.011|-0.019|+0.008|-0.000|-0.001|-0.011|+1.426|+0.892|+0.011|-0.006|+0.001|+1.000|+1.447|
037:+0.017|+0.004|+0.422|+0.550|+0.008|-0.124|+0.009|-0.005|+0.011|-0.006|-0.000|-0.003|+0.015|+1.416|+0.903|-0.008|+0.001|+0.001|+0.999|+1.437|
038:+0.016|+0.005|+0.429|+0.559|+0.008|-0.127|+0.002|-0.005|-0.010|+0.005|-0.005|+0.007|-0.010|+1.425|+0.898|+0.004|-0.005|+0.000|+0.996|+1.452|
039:+0.020|+0.004|+0.432|+0.560|+0.010|-0.127|-0.006|+0.004|+0.004|-0.001|+0.000|-0.008|+0.001|+1.427|+0.893|-0.006|+0.000|-0.004|+1.003|+1.442|
