MI|TE1|rTE1|TE2|rTE2|2|3_1|3_2|4_1|4_2|5|6_1|6_2|3_1_I|3_2_I|4_1_I|4_2_I|5_I|6_1_I|6_2_I|
001:+0.001|+0.004|+0.004|+0.005|+0.004|-0.000|-0.063|+0.002|+0.000|+0.004|+0.000|-0.058|-0.000|+1.605|+1.604|+0.000|-0.070|+0.000|+1.534|+1.604|
002:+0.001|+0.004|+0.004|+0.003|+0.004|+0.001|-0.047|-0.000|+0.000|+0.018|+0.001|-0.028|-0.000|+1.542|+1.605|+0.000|-0.066|+0.000|+1.476|+1.604|
003:+0.000|+0.004|+0.004|+0.004|+0.004|+0.000|-0.038|-0.001|-0.000|+0.031|-0.001|-0.005|+0.001|+1.495|+1.605|+0.000|-0.047|+0.001|+1.447|+1.604|
004:+0.001|+0.004|+0.004|+0.004|+0.004|-0.000|-0.036|-0.001|+0.000|+0.010|-0.000|-0.024|+0.000|+1.458|+1.604|+0.000|-0.016|-0.000|+1.442|+1.605|
005:+0.001|+0.005|+0.004|+0.005|+0.004|-0.003|-0.001|+0.002|+0.000|+0.026|+0.001|+0.020|-0.002|+1.421|+1.603|+0.000|-0.006|-0.001|+1.417|+1.605|
006:+0.001|+0.003|+0.005|+0.003|+0.005|+0.004|+0.009|-0.001|-0.000|-0.013|-0.001|+0.000|+0.001|+1.420|+1.605|+0.000|+0.020|+0.001|+1.438|+1.603|
007:+0.002|+0.004|+0.004|+0.004|+0.004|-0.001|+0.015|+0.000|-0.000|+0.008|+0.001|+0.022|-0.001|+1.429|+1.604|+0.000|+0.008|-0.001|+1.438|+1.605|
008:+0.001|+0.003|+0.004|+0.004|+0.004|+0.001|+0.008|+0.001|+0.000|-0.010|+0.001|-0.003|+0.000|+1.444|+1.604|-0.000|+0.016|-0.000|+1.460|+1.604|
009:+0.001|+0.004|+0.005|+0.004|+0.004|+0.001|+0.020|+0.000|-0.000|-0.006|-0.000|+0.016|+0.001|+1.452|+1.605|+0.000|+0.006|+0.000|+1.457|+1.604|
010:+0.001|+0.004|+0.004|+0.004|+0.004|-0.001|-0.006|-0.002|+0.000|+0.005|-0.001|-0.001|+0.001|+1.472|+1.605|-0.000|-0.000|-0.000|+1.473|+1.605|
011:+0.002|+0.003|+0.004|+0.005|+0.003|-0.002|+0.002|+0.001|+0.000|+0.004|+0.001|+0.005|-0.001|+1.466|+1.603|-0.000|+0.005|-0.001|+1.472|+1.605|
012:+0.001|+0.004|+0.004|+0.004|+0.004|+0.000|+0.001|-0.000|-0.000|-0.008|-0.000|-0.008|+0.001|+1.469|+1.605|+0.000|+0.009|+0.000|+1.477|+1.605|
013:+0.001|+0.003|+0.004|+0.004|+0.003|+0.000|-0.005|+0.001|+0.000|-0.003|+0.000|-0.006|+0.000|+1.470|+1.604|-0.000|+0.001|-0.000|+1.469|+1.605|
014:+0.000|+0.004|+0.004|+0.004|+0.003|+0.000|-0.003|-0.002|-0.000|+0.008|-0.000|+0.004|-0.001|+1.465|+1.605|+0.000|-0.002|+0.000|+1.463|+1.606|
015:+0.001|+0.003|+0.005|+0.005|+0.004|+0.001|-0.006|+0.001|-0.000|+0.003|+0.000|-0.003|-0.001|+1.462|+1.603|+0.000|+0.006|-0.000|+1.467|+1.605|
016:+0.000|+0.004|+0.005|+0.004|+0.004|+0.001|+0.002|+0.001|+0.000|+0.001|+0.000|+0.004|+0.001|+1.456|+1.605|-0.000|+0.009|+0.000|+1.464|+1.604|
017:+0.000|+0.004|+0.003|+0.003|+0.003|-0.000|+0.003|-0.002|-0.000|-0.012|-0.001|-0.009|-0.000|+1.458|+1.606|+0.000|+0.009|+0.000|+1.468|+1.605|
018:+0.001|+0.004|+0.004|+0.005|+0.003|-0.002|-0.000|+0.001|+0.000|+0.006|+0.000|+0.005|-0.001|+1.461|+1.603|-0.000|-0.003|-0.000|+1.459|+1.605|
019:+0.000|+0.004|+0.004|+0.004|+0.004|+0.000|-0.009|-0.001|+0.000|+0.007|-0.000|-0.002|+0.001|+1.461|+1.605|+0.000|+0.003|-0.000|+1.464|+1.605|
020:+0.001|+0.004|+0.003|+0.004|+0.003|-0.002|+0.011|+0.001|-0.000|-0.011|+0.000|+0.001|-0.000|+1.452|+1.604|+0.000|+0.009|-0.000|+1.462|+1.605|
021:+0.000|+0.004|+0.003|+0.004|+0.004|-0.002|-0.003|-0.002|+0.000|+0.004|+0.000|-0.002|-0.000|+1.463|+1.605|-0.000|-0.001|+0.000|+1.463|+1.605|
022:+0.001|+0.004|+0.004|+0.005|+0.003|-0.001|+0.000|+0.002|-0.000|-0.004|-0.001|-0.003|-0.001|+1.459|+1.603|+0.000|+0.003|+0.000|+1.461|+1.605|
023:+0.001|+0.004|+0.004|+0.004|+0.005|+0.001|+0.003|-0.001|-0.000|+0.002|-0.000|+0.003|+0.000|+1.460|+1.605|+0.000|-0.002|-0.000|+1.458|+1.604|
024:+0.001|+0.004|+0.006|+0.005|+0.004|+0.001|+0.001|-0.001|+0.000|-0.004|+0.001|-0.003|-0.000|+1.463|+1.604|+0.000|+0.000|-0.000|+1.462|+1.604|
025:+0.001|+0.004|+0.005|+0.005|+0.004|-0.000|+0.002|-0.138|-0.000|+0.075|-0.000|-0.038|-0.001|+1.463|+1.603|+0.000|-0.004|+0.000|+1.458|+1.604|
026:+0.000|+0.004|+0.121|+0.144|+0.005|-0.022|+0.074|+0.009|+0.000|-0.073|-0.000|+0.004|+0.001|+1.466|+1.464|-0.000|+0.071|+0.000|+1.420|+1.603|
027:+0.001|+0.004|+0.118|+0.135|+0.004|-0.016|-0.003|+0.004|-0.000|+0.004|-0.000|+0.007|+0.001|+1.540|+1.474|-0.000|-0.002|+0.000|+1.424|+1.604|
028:+0.001|+0.005|+0.113|+0.131|+0.003|-0.020|+0.000|+0.001|+0.000|-0.002|+0.000|-0.002|-0.000|+1.537|+1.477|-0.000|+0.002|-0.000|+1.431|+1.605|
029:+0.001|+0.004|+0.113|+0.130|+0.003|-0.018|+0.003|-0.002|+0.000|-0.004|-0.001|+0.001|-0.000|+1.538|+1.478|-0.000|+0.000|+0.000|+1.429|+1.605|
030:+0.001|+0.003|+0.111|+0.132|+0.004|-0.021|-0.008|-0.012|-0.000|+0.005|+0.001|-0.020|-0.002|+1.541|+1.476|+0.000|-0.004|-0.001|+1.430|+1.605|
031:+0.001|+0.004|+0.128|+0.145|+0.005|-0.015|+0.003|+0.006|+0.000|-0.005|+0.000|+0.005|+0.002|+1.533|+1.464|-0.000|+0.002|+0.000|+1.410|+1.603|
032:+0.001|+0.005|+0.122|+0.139|+0.003|-0.018|-0.002|+0.004|+0.000|+0.007|-0.001|+0.014|-0.000|+1.536|+1.470|-0.000|-0.004|+0.001|+1.415|+1.605|
033:+0.001|+0.005|+0.114|+0.134|+0.004|-0.021|+0.002|-0.005|-0.000|-0.008|+0.001|-0.017|-0.001|+1.534|+1.474|+0.000|+0.004|-0.000|+1.428|+1.605|
034:+0.001|+0.004|+0.123|+0.140|+0.004|-0.016|+0.003|+0.006|-0.000|-0.000|-0.000|+0.015|+0.000|+1.535|+1.469|-0.000|-0.005|+0.000|+1.411|+1.604|
035:+0.001|+0.005|+0.112|+0.133|+0.004|-0.022|+0.003|-0.010|+0.000|+0.002|-0.000|-0.009|+0.001|+1.538|+1.475|-0.000|-0.005|-0.000|+1.426|+1.604|
036:+0.001|+0.003|+0.124|+0.143|+0.003|-0.019|-0.001|+0.007|+0.000|-0.004|+0.000|+0.002|-0.000|+1.541|+1.465|+0.000|-0.003|-0.000|+1.417|+1.605|
037:+0.001|+0.004|+0.118|+0.137|+0.004|-0.020|+0.005|-0.003|-0.001|+0.000|+0.000|+0.001|-0.001|+1.540|+1.471|+0.000|-0.007|-0.000|+1.419|+1.605|
038:+0.001|+0.004|+0.121|+0.140|+0.004|-0.018|-0.006|+0.003|+0.001|+0.009|-0.001|+0.010|+0.001|+1.545|+1.468|-0.000|-0.007|+0.000|+1.420|+1.604|
039:+0.001|+0.004|+0.115|+0.137|+0.004|-0.023|+0.001|+0.004|+0.000|+0.001|+0.000|+0.002|-0.001|+1.538|+1.471|+0.000|+0.002|-0.001|+1.430|+1.605|
