MI|TE1|rTE1|TE2|rTE2|2|3_1|3_2|4_1|4_2|5|6_1|6_2|3_1_I|3_2_I|4_1_I|4_2_I|5_I|6_1_I|6_2_I|
001:+0.000|+0.000|+0.693|+0.693|+0.000|+0.000|+0.000|+0.000|+0.000|-0.000|-0.000|+0.000|+0.000|+0.693|+0.000|-0.000|+0.000|+0.000|+0.000|+0.693|
002:+0.000|+0.000|+0.693|+0.693|+0.000|+0.000|+0.000|+0.000|+0.000|-0.000|-0.000|+0.000|+0.000|+0.693|+0.000|+0.000|-0.000|+0.000|+0.000|+0.693|
003:+0.000|+0.000|+0.693|+0.693|+0.000|+0.000|-0.000|+0.000|-0.000|+0.000|+0.000|+0.000|-0.000|+0.693|+0.000|+0.000|-0.000|+0.000|+0.000|+0.693|
004:+0.000|+0.000|+0.693|+0.693|+0.000|+0.000|+0.000|+0.000|+0.000|-0.000|-0.000|+0.000|+0.000|+0.693|+0.000|-0.000|+0.000|+0.000|+0.000|+0.693|
005:+0.000|+0.000|+0.693|+0.693|+0.000|+0.000|+0.000|+0.000|-0.000|-0.000|-0.000|+0.000|-0.000|+0.693|+0.000|+0.000|+0.000|+0.000|+0.000|+0.693|
006:+0.000|+0.000|+0.693|+0.693|+0.000|+0.000|-0.000|+0.000|-0.128|-0.000|+0.000|+0.000|-0.128|+0.693|+0.000|-0.000|+0.000|-0.000|+0.000|+0.693|
007:+0.000|+0.000|+0.693|+0.693|+0.000|-0.000|+0.000|+0.000|+0.135|-0.135|-0.000|+0.000|-0.000|+0.693|+0.000|-0.128|-0.000|+0.000|+0.000|+0.565|
008:+0.000|+0.000|+0.558|+0.558|+0.000|+0.000|-0.137|+0.000|-0.011|+0.142|+0.000|+0.000|-0.007|+0.693|+0.000|+0.007|-0.135|-0.000|+0.000|+0.565|
009:+0.000|+0.000|+0.562|+0.562|+0.000|+0.000|+0.001|+0.000|+0.003|+0.006|-0.000|+0.000|+0.009|+0.556|+0.000|-0.005|+0.006|-0.000|+0.000|+0.558|
010:+0.000|+0.000|+0.569|+0.569|+0.000|+0.000|+0.008|+0.000|+0.005|-0.016|-0.000|+0.000|-0.003|+0.557|+0.000|-0.002|+0.013|-0.000|+0.000|+0.567|
011:+0.000|+0.000|+0.561|+0.561|+0.000|+0.000|+0.003|-0.000|-0.006|-0.000|+0.000|+0.000|-0.003|+0.564|+0.000|+0.003|-0.003|-0.000|+0.000|+0.564|
012:+0.000|+0.000|+0.564|+0.564|+0.000|+0.000|-0.002|+0.000|+0.099|-0.002|-0.000|+0.000|+0.096|+0.568|+0.000|-0.003|-0.003|+0.000|+0.000|+0.562|
013:+0.000|+0.000|+0.561|+0.561|+0.000|+0.000|+0.004|+0.000|-0.096|+0.096|+0.000|+0.000|+0.004|+0.566|+0.000|+0.097|-0.005|-0.000|+0.000|+0.657|
014:+0.000|+0.000|+0.660|+0.661|+0.000|-0.000|+0.092|+0.000|-0.003|-0.090|-0.000|+0.000|-0.001|+0.569|+0.000|+0.001|+0.091|+0.000|+0.000|+0.661|
015:+0.000|+0.000|+0.663|+0.663|+0.000|-0.000|+0.003|+0.000|-0.180|-0.005|-0.000|+0.000|-0.182|+0.661|+0.000|-0.003|+0.001|-0.000|+0.000|+0.660|
016:+0.000|+0.000|+0.662|+0.662|+0.000|+0.000|-0.005|+0.000|+0.180|-0.173|-0.000|+0.000|+0.003|+0.665|+0.000|-0.183|-0.003|-0.000|+0.000|+0.479|
017:+0.000|+0.000|+0.484|+0.484|+0.000|+0.000|-0.182|+0.000|-0.005|+0.192|+0.000|+0.000|+0.005|+0.660|+0.000|-0.003|-0.176|-0.000|+0.000|+0.482|
018:+0.000|+0.000|+0.494|+0.494|+0.000|+0.000|+0.015|-0.000|-0.039|-0.028|-0.000|+0.000|-0.052|+0.478|+0.000|-0.007|+0.016|-0.000|+0.000|+0.486|
019:+0.000|+0.000|+0.481|+0.480|+0.000|-0.000|-0.008|-0.000|+0.046|-0.044|+0.000|+0.000|-0.007|+0.492|+0.000|-0.046|-0.012|-0.000|+0.000|+0.434|
020:+0.000|+0.000|+0.428|+0.428|+0.000|+0.000|-0.052|+0.000|+0.132|+0.056|-0.000|+0.000|+0.136|+0.484|+0.000|-0.001|-0.056|+0.000|+0.000|+0.428|
021:+0.000|+0.000|+0.433|+0.433|+0.000|+0.000|-0.006|+0.000|-0.027|+0.132|-0.000|+0.000|+0.100|+0.432|+0.000|+0.131|+0.001|-0.000|+0.000|+0.564|
022:+0.000|+0.000|+0.559|+0.559|+0.000|+0.000|+0.142|+0.000|-0.106|-0.041|+0.000|+0.000|-0.006|+0.426|+0.000|+0.105|+0.133|-0.000|+0.000|+0.664|
023:+0.000|+0.000|+0.659|+0.659|+0.000|+0.000|+0.088|+0.000|+0.005|-0.087|+0.000|+0.000|+0.006|+0.568|+0.000|-0.002|+0.092|-0.000|+0.000|+0.658|
024:+0.000|+0.000|+0.660|+0.660|+0.000|-0.000|+0.009|+0.000|-0.186|-0.007|-0.000|+0.000|-0.184|+0.655|+0.000|+0.003|+0.005|+0.000|+0.000|+0.663|
025:+0.000|+0.000|+0.662|+0.662|+0.000|-0.000|-0.002|-0.000|+0.176|-0.169|-0.000|+0.000|+0.005|+0.664|+0.000|-0.182|-0.002|-0.000|+0.000|+0.479|
026:+0.000|+0.000|+0.491|+0.491|+0.000|+0.000|-0.177|-0.000|-0.002|+0.174|-0.000|+0.000|-0.005|+0.663|+0.000|-0.006|-0.172|-0.000|+0.000|+0.485|
027:+0.000|+0.000|+0.488|+0.488|+0.000|+0.000|+0.005|+0.000|-0.030|-0.026|+0.000|+0.000|-0.051|+0.486|-0.000|-0.008|+0.002|-0.000|+0.000|+0.480|
028:+0.000|+0.000|+0.467|+0.467|+0.000|+0.000|+0.001|+0.000|+0.040|-0.044|+0.000|+0.000|-0.003|+0.491|+0.000|-0.038|-0.024|+0.000|+0.000|+0.429|
029:+0.000|+0.000|+0.424|+0.424|+0.000|-0.000|-0.050|-0.000|+0.129|+0.061|-0.000|+0.000|+0.140|+0.492|+0.000|+0.002|-0.068|+0.000|+0.000|+0.425|
030:+0.000|+0.000|+0.436|+0.436|+0.000|-0.000|-0.019|+0.000|-0.026|+0.145|+0.000|+0.000|+0.100|+0.442|+0.000|+0.130|-0.006|+0.000|+0.000|+0.566|
031:+0.000|+0.000|+0.561|+0.561|+0.000|+0.000|+0.146|-0.000|-0.105|-0.045|-0.000|+0.000|-0.004|+0.423|+0.000|+0.105|+0.138|+0.000|+0.000|+0.665|
032:+0.000|+0.000|+0.662|+0.662|+0.000|+0.000|+0.093|+0.000|+0.001|-0.091|-0.000|+0.000|+0.003|+0.569|+0.000|+0.000|+0.093|-0.000|+0.000|+0.662|
033:+0.000|+0.000|+0.664|+0.663|+0.000|+0.000|+0.003|+0.000|-0.181|-0.002|+0.000|+0.000|-0.180|+0.662|+0.000|+0.001|+0.002|-0.000|+0.000|+0.665|
034:+0.000|+0.000|+0.665|+0.665|+0.000|+0.000|-0.006|+0.000|+0.190|-0.175|+0.000|+0.000|+0.008|+0.665|+0.000|-0.180|-0.000|-0.000|+0.000|+0.485|
035:+0.000|+0.000|+0.483|+0.483|+0.000|+0.000|-0.177|+0.000|-0.004|+0.176|+0.000|+0.000|-0.005|+0.659|+0.000|+0.010|-0.175|+0.000|+0.000|+0.493|
036:+0.000|+0.000|+0.483|+0.483|+0.000|-0.000|+0.011|+0.000|-0.063|-0.005|-0.000|+0.000|-0.057|+0.482|+0.000|+0.006|+0.001|+0.000|+0.000|+0.488|
037:+0.000|+0.000|+0.489|+0.489|+0.000|-0.000|-0.003|-0.000|+0.059|-0.052|+0.000|+0.000|+0.004|+0.493|+0.000|-0.057|-0.004|-0.000|+0.000|+0.432|
038:+0.000|+0.000|+0.434|+0.434|+0.000|-0.000|-0.059|+0.000|+0.136|+0.051|-0.000|+0.000|+0.128|+0.490|+0.000|+0.002|-0.056|+0.000|+0.000|+0.436|
039:+0.000|+0.000|+0.426|+0.426|+0.000|+0.000|+0.006|+0.000|-0.035|+0.123|-0.000|+0.000|+0.094|+0.431|+0.000|+0.138|-0.004|+0.000|+0.000|+0.564|
