MI|TE1|rTE1|TE2|rTE2|2|3_1|3_2|4_1|4_2|5|6_1|6_2|3_1_I|3_2_I|4_1_I|4_2_I|5_I|6_1_I|6_2_I|
001:+0.000|+0.000|+0.213|+0.213|+0.000|-0.000|-0.120|-0.001|+0.000|+0.118|-0.000|-0.002|+0.000|+0.693|+0.480|-0.000|-0.134|+0.000|+0.347|+0.693|
002:+0.000|+0.000|+0.213|+0.213|+0.000|+0.000|-0.012|+0.001|+0.000|+0.014|+0.000|+0.003|-0.000|+0.573|+0.480|-0.000|-0.015|+0.000|+0.344|+0.693|
003:+0.000|+0.000|+0.212|+0.212|+0.000|+0.000|+0.001|-0.002|-0.000|+0.002|-0.000|+0.001|-0.000|+0.561|+0.481|+0.000|-0.001|+0.000|+0.348|+0.693|
004:+0.000|+0.000|+0.214|+0.214|+0.000|+0.000|+0.001|-0.004|+0.000|-0.003|+0.000|-0.007|-0.000|+0.562|+0.479|-0.000|+0.000|-0.000|+0.349|+0.693|
005:+0.000|+0.000|+0.219|+0.219|+0.000|+0.000|+0.001|+0.001|-0.000|+0.002|-0.000|+0.004|+0.000|+0.563|+0.474|+0.000|-0.003|+0.000|+0.341|+0.693|
006:+0.000|+0.000|+0.218|+0.218|+0.000|-0.000|+0.000|-0.159|+0.000|+0.099|+0.000|-0.059|-0.000|+0.564|+0.475|-0.000|-0.001|-0.000|+0.346|+0.693|
007:+0.000|+0.000|+0.377|+0.377|+0.000|-0.000|+0.098|-0.002|+0.000|-0.096|-0.000|+0.000|+0.000|+0.565|+0.316|-0.000|+0.098|-0.000|+0.286|+0.693|
008:+0.000|+0.000|+0.378|+0.378|+0.000|-0.000|+0.001|+0.003|-0.128|-0.002|+0.000|+0.002|-0.127|+0.663|+0.314|+0.000|+0.002|-0.000|+0.286|+0.693|
009:+0.000|+0.000|+0.376|+0.376|+0.000|-0.000|-0.001|-0.100|+0.138|-0.186|-0.000|-0.150|+0.001|+0.664|+0.317|-0.127|-0.000|-0.000|+0.288|+0.566|
010:+0.000|+0.000|+0.339|+0.339|+0.000|+0.000|-0.176|-0.003|-0.009|+0.182|+0.000|-0.001|-0.007|+0.662|+0.218|+0.010|-0.186|-0.000|+0.138|+0.567|
011:+0.000|+0.000|+0.345|+0.345|+0.000|+0.000|-0.006|-0.003|+0.019|-0.007|-0.000|-0.004|+0.007|+0.486|+0.215|+0.001|-0.004|+0.000|+0.137|+0.560|
012:+0.000|+0.000|+0.336|+0.336|+0.000|+0.000|-0.004|+0.084|-0.013|-0.041|-0.000|+0.030|-0.003|+0.480|+0.212|+0.019|-0.012|+0.000|+0.133|+0.566|
013:+0.000|+0.000|+0.261|+0.261|+0.000|+0.000|-0.036|-0.013|+0.007|+0.042|+0.000|-0.004|+0.005|+0.477|+0.295|+0.007|-0.052|-0.000|+0.163|+0.563|
014:+0.000|+0.000|+0.272|+0.272|+0.000|-0.000|-0.004|-0.283|+0.083|+0.140|-0.000|-0.159|+0.096|+0.441|+0.283|+0.014|-0.010|+0.000|+0.159|+0.568|
015:+0.000|+0.000|+0.566|+0.566|+0.000|+0.000|+0.128|+0.000|-0.098|-0.035|+0.000|+0.000|-0.004|+0.436|-0.000|+0.098|+0.130|-0.000|+0.000|+0.664|
016:+0.000|+0.000|+0.660|+0.660|+0.000|-0.000|+0.098|-0.000|+0.004|-0.101|+0.000|+0.000|+0.001|+0.565|+0.000|-0.000|+0.095|-0.000|+0.000|+0.660|
017:+0.000|+0.000|+0.657|+0.657|+0.000|+0.000|-0.002|+0.000|-0.186|+0.008|-0.000|+0.000|-0.180|+0.663|+0.000|+0.004|-0.005|+0.000|+0.000|+0.661|
018:+0.000|+0.000|+0.663|+0.663|+0.000|+0.000|+0.003|+0.000|+0.199|-0.183|-0.000|+0.000|+0.019|+0.660|+0.000|-0.183|+0.003|-0.000|+0.000|+0.481|
019:+0.000|+0.000|+0.483|+0.483|+0.000|+0.000|-0.189|+0.000|-0.023|+0.186|+0.000|+0.000|-0.025|+0.663|+0.000|+0.017|-0.180|-0.000|+0.000|+0.499|
020:+0.000|+0.000|+0.480|+0.480|+0.000|-0.000|+0.004|+0.000|-0.046|-0.011|+0.000|+0.000|-0.052|+0.474|+0.000|-0.006|+0.006|-0.000|+0.000|+0.474|
021:+0.000|+0.000|+0.473|+0.473|+0.000|-0.000|-0.000|+0.000|+0.051|-0.046|+0.000|+0.000|+0.005|+0.478|+0.000|-0.051|-0.005|+0.000|+0.000|+0.422|
022:+0.000|+0.000|+0.427|+0.427|+0.000|-0.000|-0.041|-0.000|+0.129|+0.051|-0.000|+0.000|+0.139|+0.478|+0.000|-0.000|-0.051|+0.000|+0.000|+0.427|
023:+0.000|+0.000|+0.437|+0.437|+0.000|+0.000|-0.013|+0.000|-0.028|+0.138|+0.000|+0.000|+0.098|+0.437|+0.000|+0.129|+0.000|-0.000|+0.000|+0.566|
024:+0.000|+0.000|+0.563|+0.563|+0.000|+0.000|+0.143|+0.000|-0.102|-0.046|-0.000|+0.000|-0.005|+0.424|+0.000|+0.101|+0.138|+0.000|+0.000|+0.664|
025:+0.000|+0.000|+0.660|+0.660|+0.000|+0.000|+0.088|+0.000|+0.002|-0.087|+0.000|+0.000|+0.003|+0.568|+0.000|-0.001|+0.092|-0.000|+0.000|+0.659|
026:+0.000|+0.000|+0.661|+0.661|+0.000|+0.000|+0.008|+0.000|-0.179|-0.002|+0.000|+0.000|-0.174|+0.655|+0.000|+0.001|+0.005|-0.000|+0.000|+0.661|
027:+0.000|+0.000|+0.666|+0.666|+0.000|-0.000|-0.001|+0.000|+0.183|-0.185|-0.000|+0.000|-0.004|+0.663|+0.000|-0.178|+0.003|+0.000|+0.000|+0.488|
028:+0.000|+0.000|+0.479|+0.479|+0.000|+0.000|-0.183|-0.000|+0.007|+0.181|-0.000|+0.000|+0.004|+0.662|+0.000|+0.005|-0.182|-0.000|+0.000|+0.484|
029:+0.000|+0.000|+0.477|+0.477|+0.000|+0.000|+0.006|-0.000|-0.054|-0.000|+0.000|+0.000|-0.049|+0.478|+0.000|+0.012|-0.002|-0.000|+0.000|+0.489|
030:+0.000|+0.000|+0.483|+0.483|+0.000|-0.000|+0.000|+0.000|+0.052|-0.052|-0.000|+0.000|+0.001|+0.485|+0.000|-0.043|-0.002|-0.000|+0.000|+0.440|
031:+0.000|+0.000|+0.431|+0.431|+0.000|+0.000|-0.050|+0.000|+0.127|+0.045|+0.000|+0.000|+0.121|+0.485|+0.000|+0.010|-0.054|-0.000|+0.000|+0.441|
032:+0.000|+0.000|+0.426|+0.426|+0.000|+0.000|-0.006|+0.000|-0.036|+0.143|-0.000|+0.000|+0.101|+0.435|+0.000|+0.137|-0.009|+0.000|+0.000|+0.563|
033:+0.000|+0.000|+0.563|+0.563|+0.000|+0.000|+0.132|+0.000|-0.101|-0.034|+0.000|+0.000|-0.003|+0.429|+0.000|+0.101|+0.134|+0.000|+0.000|+0.663|
034:+0.000|+0.000|+0.661|+0.661|+0.000|-0.000|+0.100|+0.000|+0.000|-0.101|+0.000|+0.000|-0.001|+0.561|+0.000|-0.001|+0.100|+0.000|+0.000|+0.660|
035:+0.000|+0.000|+0.660|+0.660|+0.000|-0.000|+0.001|+0.000|-0.175|-0.001|-0.000|+0.000|-0.174|+0.661|+0.000|-0.000|-0.001|+0.000|+0.000|+0.659|
036:+0.000|+0.000|+0.660|+0.660|+0.000|-0.000|+0.001|+0.000|+0.197|-0.192|+0.000|+0.000|+0.005|+0.662|+0.000|-0.175|-0.002|-0.000|+0.000|+0.485|
037:+0.000|+0.000|+0.468|+0.468|+0.000|-0.000|-0.177|+0.000|-0.018|+0.186|+0.000|+0.000|-0.008|+0.663|+0.000|+0.022|-0.194|-0.000|+0.000|+0.490|
038:+0.000|+0.000|+0.478|+0.478|+0.000|+0.000|-0.011|+0.000|-0.066|+0.026|+0.000|+0.000|-0.051|+0.486|+0.000|+0.004|-0.008|+0.000|+0.000|+0.482|
039:+0.000|+0.000|+0.492|+0.492|+0.000|-0.000|+0.007|-0.000|+0.068|-0.081|+0.000|+0.000|-0.007|+0.475|+0.000|-0.062|+0.018|+0.000|+0.000|+0.430|
