MI|TE1|rTE1|TE2|rTE2|2|3_1|3_2|4_1|4_2|5|6_1|6_2|3_1_I|3_2_I|4_1_I|4_2_I|5_I|6_1_I|6_2_I|
001:+0.000|+0.693|+0.000|+0.000|+0.693|+0.000|+0.000|+0.000|-0.133|+0.139|+0.000|+0.006|+0.000|+0.000|+0.693|-0.000|-0.131|-0.000|+0.562|+0.000|
002:+0.000|+0.560|+0.000|+0.000|+0.560|+0.000|+0.000|-0.138|+0.137|-0.000|+0.000|-0.001|+0.000|+0.000|+0.693|-0.133|+0.008|-0.000|+0.568|+0.000|
003:+0.000|+0.559|+0.000|+0.000|+0.559|+0.000|+0.000|+0.003|-0.007|-0.009|-0.000|-0.013|+0.000|+0.000|+0.555|+0.004|+0.007|+0.000|+0.566|+0.000|
004:+0.000|+0.555|+0.000|+0.000|+0.555|+0.000|+0.000|+0.006|+0.001|+0.000|+0.000|+0.007|+0.000|+0.000|+0.558|-0.003|-0.002|-0.000|+0.554|+0.000|
005:+0.000|+0.563|+0.000|+0.000|+0.563|+0.000|+0.000|+0.004|-0.007|+0.004|+0.000|+0.001|+0.000|+0.000|+0.564|-0.001|-0.001|+0.000|+0.561|+0.000|
006:+0.000|+0.560|+0.000|+0.000|+0.560|+0.000|+0.000|-0.010|+0.007|+0.101|-0.000|+0.098|+0.000|+0.000|+0.568|-0.008|+0.003|+0.000|+0.562|+0.000|
007:+0.000|+0.556|+0.000|+0.000|+0.556|+0.000|+0.000|+0.002|+0.105|-0.103|-0.000|+0.004|+0.000|+0.000|+0.557|-0.001|+0.104|+0.000|+0.660|+0.000|
008:+0.000|+0.662|+0.000|+0.000|+0.662|+0.000|+0.000|+0.104|-0.111|+0.004|-0.000|-0.004|+0.000|+0.000|+0.559|+0.103|+0.001|+0.000|+0.664|+0.000|
009:+0.000|+0.655|+0.000|+0.000|+0.655|+0.000|+0.000|-0.002|+0.007|-0.183|+0.000|-0.178|+0.000|+0.000|+0.663|-0.008|+0.005|-0.000|+0.660|+0.000|
010:+0.000|+0.660|+0.000|+0.000|+0.660|+0.000|+0.000|-0.004|-0.179|+0.173|-0.000|-0.011|+0.000|+0.000|+0.661|-0.001|-0.178|+0.000|+0.482|+0.000|
011:+0.000|+0.477|+0.000|+0.000|+0.477|+0.000|+0.000|-0.174|+0.180|+0.014|+0.000|+0.019|+0.000|+0.000|+0.657|-0.180|-0.006|-0.000|+0.471|+0.000|
012:+0.000|+0.482|+0.000|+0.000|+0.483|+0.000|+0.000|-0.002|+0.004|-0.057|+0.000|-0.055|+0.000|+0.000|+0.482|+0.000|+0.008|-0.000|+0.490|+0.000|
013:+0.000|+0.485|+0.000|+0.000|+0.485|+0.000|+0.000|-0.001|-0.050|+0.060|+0.000|+0.008|+0.000|+0.000|+0.480|+0.004|-0.049|-0.000|+0.435|+0.000|
014:+0.000|+0.434|+0.000|+0.000|+0.434|+0.000|+0.000|-0.039|+0.042|+0.118|-0.000|+0.122|+0.000|+0.000|+0.479|-0.046|+0.010|+0.000|+0.444|+0.000|
015:+0.000|+0.437|+0.000|+0.000|+0.437|+0.000|+0.000|-0.006|+0.138|-0.037|+0.000|+0.095|+0.000|+0.000|+0.441|-0.004|+0.128|-0.000|+0.565|+0.000|
016:+0.000|+0.569|+0.000|+0.000|+0.569|+0.000|+0.000|+0.123|-0.033|-0.093|-0.000|-0.003|+0.000|+0.000|+0.435|+0.134|+0.091|+0.000|+0.660|+0.000|
017:+0.000|+0.659|+0.000|+0.000|+0.659|+0.000|+0.000|+0.102|-0.098|+0.004|+0.000|+0.008|+0.000|+0.000|+0.558|+0.101|-0.002|-0.000|+0.657|+0.000|
018:+0.000|+0.663|+0.000|+0.000|+0.663|+0.000|+0.000|+0.001|-0.008|-0.173|-0.000|-0.180|+0.000|+0.000|+0.660|+0.003|+0.002|+0.000|+0.665|+0.000|
019:+0.000|+0.656|+0.000|+0.000|+0.656|+0.000|+0.000|+0.002|-0.172|+0.179|+0.000|+0.009|+0.000|+0.000|+0.661|-0.005|-0.171|-0.000|+0.485|+0.000|
020:+0.000|+0.486|+0.000|+0.000|+0.486|+0.000|+0.000|-0.179|+0.185|-0.015|-0.000|-0.008|+0.000|+0.000|+0.663|-0.177|+0.008|+0.000|+0.494|+0.000|
021:+0.000|+0.493|+0.000|+0.000|+0.493|+0.000|+0.000|-0.010|+0.002|-0.044|-0.000|-0.052|+0.000|+0.000|+0.485|+0.008|-0.006|+0.000|+0.486|+0.000|
022:+0.000|+0.484|+0.000|+0.000|+0.484|+0.000|+0.000|+0.014|-0.074|+0.078|+0.000|+0.018|+0.000|+0.000|+0.474|+0.010|-0.050|-0.000|+0.434|+0.000|
023:+0.000|+0.424|+0.000|+0.000|+0.424|+0.000|+0.000|-0.049|+0.054|+0.102|-0.000|+0.107|+0.000|+0.000|+0.488|-0.064|+0.028|+0.000|+0.452|+0.000|
024:+0.000|+0.430|+0.000|+0.000|+0.430|+0.000|+0.000|-0.003|+0.137|-0.033|+0.000|+0.101|+0.000|+0.000|+0.439|-0.009|+0.129|-0.000|+0.559|+0.000|
025:+0.000|+0.564|+0.000|+0.000|+0.564|+0.000|+0.000|+0.132|-0.034|-0.094|-0.000|+0.004|+0.000|+0.000|+0.436|+0.128|+0.096|-0.000|+0.661|+0.000|
026:+0.000|+0.662|+0.000|+0.000|+0.662|+0.000|+0.000|+0.093|-0.090|-0.007|+0.000|-0.004|+0.000|+0.000|+0.568|+0.094|+0.002|-0.000|+0.664|+0.000|
027:+0.000|+0.665|+0.000|+0.000|+0.665|+0.000|+0.000|-0.002|-0.002|-0.173|+0.000|-0.176|+0.000|+0.000|+0.661|+0.004|-0.004|+0.000|+0.660|+0.000|
028:+0.000|+0.662|+0.000|+0.000|+0.661|+0.000|+0.000|+0.006|-0.189|+0.177|-0.000|-0.007|+0.000|+0.000|+0.659|+0.002|-0.177|+0.000|+0.484|+0.000|
029:+0.000|+0.478|+0.000|+0.000|+0.478|+0.000|+0.000|-0.186|+0.198|-0.013|-0.000|-0.000|+0.000|+0.000|+0.665|-0.187|-0.000|-0.000|+0.478|+0.000|
030:+0.000|+0.491|+0.000|+0.000|+0.491|+0.000|+0.000|+0.002|-0.011|-0.030|-0.000|-0.039|+0.000|+0.000|+0.479|+0.011|-0.013|-0.000|+0.477|+0.000|
031:+0.000|+0.482|+0.000|+0.000|+0.482|+0.000|+0.000|+0.000|-0.053|+0.047|-0.000|-0.006|+0.000|+0.000|+0.481|+0.001|-0.043|-0.000|+0.439|+0.000|
032:+0.000|+0.430|+0.000|+0.000|+0.430|+0.000|+0.000|-0.048|+0.049|+0.120|+0.000|+0.120|+0.000|+0.000|+0.482|-0.052|+0.004|-0.000|+0.433|+0.000|
033:+0.000|+0.431|+0.000|+0.000|+0.431|+0.000|+0.000|+0.001|+0.132|-0.029|-0.000|+0.105|+0.000|+0.000|+0.433|-0.003|+0.123|+0.000|+0.554|+0.000|
034:+0.000|+0.564|+0.000|+0.000|+0.564|+0.000|+0.000|+0.120|-0.028|-0.088|+0.000|+0.004|+0.000|+0.000|+0.434|+0.130|+0.094|-0.000|+0.658|+0.000|
035:+0.000|+0.656|+0.000|+0.000|+0.656|+0.000|+0.000|+0.106|-0.101|-0.001|-0.000|+0.004|+0.000|+0.000|+0.554|+0.101|+0.006|+0.000|+0.662|+0.000|
036:+0.000|+0.661|+0.000|+0.000|+0.661|+0.000|+0.000|-0.001|+0.003|-0.190|+0.000|-0.188|+0.000|+0.000|+0.661|-0.000|+0.006|-0.000|+0.666|+0.000|
037:+0.000|+0.663|+0.000|+0.000|+0.663|+0.000|+0.000|+0.002|-0.177|+0.178|+0.000|+0.003|+0.000|+0.000|+0.660|+0.003|-0.184|-0.000|+0.478|+0.000|
038:+0.000|+0.487|+0.000|+0.000|+0.487|+0.000|+0.000|-0.179|+0.178|+0.012|-0.000|+0.011|+0.000|+0.000|+0.661|-0.174|-0.006|-0.000|+0.481|+0.000|
039:+0.000|+0.487|+0.000|+0.000|+0.487|+0.000|+0.000|+0.003|-0.015|-0.049|+0.000|-0.061|+0.000|+0.000|+0.482|+0.004|+0.006|-0.000|+0.492|+0.000|
