MI|TE1|rTE1|TE2|rTE2|2|3_1|3_2|4_1|4_2|5|6_1|6_2|3_1_I|3_2_I|4_1_I|4_2_I|5_I|6_1_I|6_2_I|
001:+0.000|+0.000|+0.693|+0.693|+0.000|+0.000|-0.000|+0.000|+0.000|+0.000|-0.000|+0.000|+0.000|+0.693|+0.000|-0.000|+0.000|+0.000|+0.000|+0.693|
002:+0.000|+0.000|+0.693|+0.693|+0.000|+0.000|-0.000|+0.000|+0.000|-0.000|+0.000|+0.000|-0.000|+0.693|+0.000|-0.000|+0.000|-0.000|+0.000|+0.693|
003:+0.000|+0.000|+0.693|+0.693|+0.000|+0.000|+0.000|+0.000|-0.136|+0.000|-0.000|+0.000|-0.136|+0.693|+0.000|+0.000|-0.000|+0.000|+0.000|+0.693|
004:+0.000|+0.000|+0.693|+0.693|+0.000|+0.000|+0.000|-0.000|+0.138|-0.133|+0.000|+0.000|+0.004|+0.693|+0.000|-0.136|+0.000|-0.000|+0.000|+0.557|
005:+0.000|+0.000|+0.560|+0.560|+0.000|-0.000|-0.137|+0.000|-0.004|+0.141|+0.000|+0.000|+0.001|+0.693|+0.000|+0.001|-0.133|-0.000|+0.000|+0.561|
006:+0.000|+0.000|+0.565|+0.565|+0.000|+0.000|+0.002|+0.000|-0.002|-0.006|-0.000|+0.000|-0.006|+0.556|+0.000|-0.003|+0.008|+0.000|+0.000|+0.562|
007:+0.000|+0.000|+0.561|+0.561|+0.000|+0.000|+0.005|+0.000|+0.007|-0.002|-0.000|+0.000|+0.010|+0.558|+0.000|-0.005|+0.002|+0.000|+0.000|+0.556|
008:+0.000|+0.000|+0.564|+0.564|+0.000|+0.000|+0.011|+0.000|+0.001|-0.013|+0.000|+0.000|-0.001|+0.563|+0.000|+0.002|+0.001|-0.000|+0.000|+0.566|
009:+0.000|+0.000|+0.562|+0.562|+0.000|+0.000|-0.014|+0.000|+0.097|+0.017|+0.000|+0.000|+0.100|+0.574|+0.000|+0.003|-0.013|-0.000|+0.000|+0.564|
010:+0.000|+0.000|+0.565|+0.565|+0.000|-0.000|+0.005|+0.000|-0.101|+0.092|+0.000|+0.000|-0.004|+0.561|+0.000|+0.100|+0.004|+0.000|+0.000|+0.664|
011:+0.000|+0.000|+0.662|+0.662|+0.000|+0.000|+0.096|+0.000|+0.005|-0.099|-0.000|+0.000|+0.002|+0.566|+0.000|-0.001|+0.096|+0.000|+0.000|+0.660|
012:+0.000|+0.000|+0.659|+0.659|+0.000|+0.000|-0.001|+0.000|-0.178|+0.003|-0.000|+0.000|-0.176|+0.661|+0.000|+0.003|-0.003|+0.000|+0.000|+0.662|
013:+0.000|+0.000|+0.661|+0.661|+0.000|+0.000|+0.000|-0.000|+0.171|-0.177|-0.000|+0.000|-0.005|+0.661|+0.000|-0.175|-0.000|+0.000|+0.000|+0.486|
014:+0.000|+0.000|+0.484|+0.484|+0.000|+0.000|-0.178|+0.000|+0.014|+0.171|+0.000|+0.000|+0.005|+0.661|+0.000|-0.004|-0.177|-0.000|+0.000|+0.480|
015:+0.000|+0.000|+0.476|+0.476|+0.000|+0.000|-0.002|+0.000|-0.061|+0.021|-0.000|+0.000|-0.042|+0.483|+0.000|+0.010|-0.007|+0.000|+0.000|+0.486|
016:+0.000|+0.000|+0.495|+0.495|+0.000|+0.000|+0.005|+0.000|+0.050|-0.068|+0.000|+0.000|-0.013|+0.480|+0.000|-0.051|+0.014|-0.000|+0.000|+0.444|
017:+0.000|+0.000|+0.432|+0.432|+0.000|-0.000|-0.051|-0.000|+0.134|+0.045|-0.000|+0.000|+0.129|+0.486|+0.000|-0.001|-0.054|+0.000|+0.000|+0.431|
018:+0.000|+0.000|+0.427|+0.427|+0.000|+0.000|+0.002|+0.000|-0.032|+0.133|-0.000|+0.000|+0.103|+0.435|-0.000|+0.133|-0.008|-0.000|+0.000|+0.559|
019:+0.000|+0.000|+0.562|+0.562|+0.000|+0.000|+0.119|+0.000|-0.100|-0.019|-0.000|+0.000|+0.001|+0.437|+0.000|+0.101|+0.124|-0.000|+0.000|+0.663|
020:+0.000|+0.000|+0.662|+0.662|+0.000|+0.000|+0.106|+0.000|+0.001|-0.108|-0.000|+0.000|-0.000|+0.556|+0.000|+0.001|+0.106|-0.000|+0.000|+0.663|
021:+0.000|+0.000|+0.660|+0.660|+0.000|+0.000|-0.003|+0.000|-0.184|+0.005|+0.000|+0.000|-0.183|+0.662|+0.000|+0.003|-0.002|-0.000|+0.000|+0.663|
022:+0.000|+0.000|+0.661|+0.662|+0.000|+0.000|+0.006|+0.000|+0.187|-0.192|-0.000|+0.000|+0.000|+0.659|+0.000|-0.182|+0.003|+0.000|+0.000|+0.480|
023:+0.000|+0.000|+0.475|+0.475|+0.000|+0.000|-0.183|-0.000|-0.011|+0.194|-0.000|+0.000|-0.001|+0.664|+0.000|+0.005|-0.189|+0.000|+0.000|+0.480|
024:+0.000|+0.000|+0.485|+0.485|+0.000|+0.000|+0.001|+0.000|-0.055|+0.002|-0.000|+0.000|-0.051|+0.481|-0.000|-0.006|+0.005|-0.000|+0.000|+0.480|
025:+0.000|+0.000|+0.489|+0.489|+0.000|+0.000|+0.008|+0.000|+0.062|-0.061|+0.000|+0.000|+0.009|+0.482|+0.000|-0.060|+0.007|-0.000|+0.000|+0.429|
026:+0.000|+0.000|+0.436|+0.437|+0.000|+0.000|-0.053|+0.000|+0.123|+0.053|-0.000|+0.000|+0.124|+0.490|+0.000|+0.002|-0.054|+0.000|+0.000|+0.438|
027:+0.000|+0.000|+0.437|+0.437|+0.000|-0.000|-0.012|+0.000|-0.015|+0.125|+0.000|+0.000|+0.098|+0.438|+0.000|+0.125|-0.001|-0.000|+0.000|+0.563|
028:+0.000|+0.000|+0.551|+0.550|+0.000|+0.000|+0.134|+0.000|-0.111|-0.018|+0.000|+0.000|+0.004|+0.425|+0.000|+0.111|+0.125|-0.000|+0.000|+0.661|
029:+0.000|+0.000|+0.666|+0.666|+0.000|+0.000|+0.105|+0.000|+0.002|-0.111|-0.000|+0.000|-0.005|+0.560|+0.000|-0.001|+0.106|+0.000|+0.000|+0.665|
030:+0.000|+0.000|+0.660|+0.660|+0.000|+0.000|-0.003|+0.000|-0.175|+0.007|-0.000|+0.000|-0.171|+0.664|+0.000|+0.001|-0.004|-0.000|+0.000|+0.661|
031:+0.000|+0.000|+0.664|+0.664|+0.000|-0.000|-0.003|+0.000|+0.174|-0.178|+0.000|+0.000|-0.007|+0.661|+0.000|-0.174|+0.003|-0.000|+0.000|+0.490|
032:+0.000|+0.000|+0.483|+0.483|+0.000|-0.000|-0.185|-0.000|-0.005|+0.187|+0.000|+0.000|-0.003|+0.658|+0.000|-0.000|-0.175|+0.000|+0.000|+0.483|
033:+0.000|+0.000|+0.485|+0.485|+0.000|+0.000|+0.007|+0.000|-0.047|-0.000|+0.000|+0.000|-0.041|+0.473|+0.000|-0.005|+0.012|+0.000|+0.000|+0.480|
034:+0.000|+0.000|+0.492|+0.492|+0.000|-0.000|+0.003|+0.000|+0.055|-0.067|-0.000|+0.000|-0.008|+0.481|+0.000|-0.053|+0.012|+0.000|+0.000|+0.439|
035:+0.000|+0.000|+0.429|+0.428|+0.000|+0.000|-0.051|-0.000|+0.125|+0.057|-0.000|+0.000|+0.131|+0.484|+0.000|+0.003|-0.055|-0.000|+0.000|+0.431|
036:+0.000|+0.000|+0.434|+0.434|+0.000|+0.000|-0.001|+0.000|-0.033|+0.132|+0.000|+0.000|+0.098|+0.432|+0.000|+0.128|+0.002|-0.000|+0.000|+0.562|
037:+0.000|+0.000|+0.565|+0.565|+0.000|+0.000|+0.134|+0.000|-0.090|-0.041|-0.000|+0.000|+0.003|+0.431|+0.000|+0.095|+0.134|+0.000|+0.000|+0.660|
038:+0.000|+0.000|+0.659|+0.659|+0.000|+0.000|+0.097|+0.000|-0.002|-0.096|+0.000|+0.000|-0.001|+0.566|+0.000|+0.005|+0.093|-0.000|+0.000|+0.664|
039:+0.000|+0.000|+0.660|+0.660|+0.000|-0.000|+0.003|+0.000|-0.171|-0.004|+0.000|+0.000|-0.173|+0.663|+0.000|+0.003|-0.003|-0.000|+0.000|+0.663|
