MI|TE1|rTE1|TE2|rTE2|2|3_1|3_2|4_1|4_2|5|6_1|6_2|3_1_I|3_2_I|4_1_I|4_2_I|5_I|6_1_I|6_2_I|
001:+0.460|+0.000|+0.108|+0.108|+0.000|+0.000|+0.000|+0.000|+0.000|+0.000|+0.000|+0.000|-0.018|+0.000|+0.000|+0.000|+0.000|+0.000|+0.000|+0.000|
002:+0.460|+0.000|+0.108|+0.126|+0.000|+0.000|+0.000|+0.000|+0.000|+0.000|+0.000|+0.000|-0.018|+0.000|+0.000|+0.000|+0.000|+0.000|+0.000|+0.000|
003:+0.478|+0.000|+0.108|+0.108|+0.000|+0.000|+0.000|+0.000|+0.000|+0.000|+0.000|+0.000|+0.018|+0.000|+0.000|+0.000|+0.000|+0.000|+0.000|+0.000|
004:+0.478|+0.000|+0.108|+0.090|+0.000|+0.000|+0.000|+0.000|+0.000|+0.000|+0.000|+0.000|+0.036|+0.000|+0.000|+0.000|+0.000|+0.000|+0.000|+0.000|
005:+0.460|+0.000|+0.126|+0.108|+0.000|+0.000|+0.018|+0.000|+0.000|+0.000|+0.000|+0.000|-0.036|+0.000|+0.000|+0.000|+0.000|+0.000|+0.000|+0.000|
006:+0.442|+0.000|+0.108|+0.144|+0.000|+0.000|-0.018|+0.000|+0.000|+0.000|+0.000|+0.000|-0.036|+0.000|+0.000|+0.000|+0.000|+0.000|+0.000|+0.000|
007:+0.478|+0.000|+0.090|+0.108|+0.000|+0.000|-0.018|+0.000|+0.000|+0.000|+0.000|+0.000|+0.036|+0.000|+0.000|+0.000|+0.000|+0.000|+0.000|+0.000|
008:+0.496|+0.000|+0.108|+0.072|+0.000|+0.000|+0.018|+0.000|+0.000|+0.000|+0.000|+0.000|+0.054|+0.000|+0.000|+0.000|+0.000|+0.000|+0.000|+0.000|
009:+0.460|+0.000|+0.144|+0.108|+0.000|+0.000|+0.036|+0.000|+0.000|+0.000|+0.000|+0.000|-0.054|+0.000|+0.000|+0.000|+0.000|+0.000|+0.000|+0.000|
010:+0.424|+0.000|+0.108|+0.162|+0.000|+0.000|-0.036|+0.000|+0.000|+0.000|+0.000|+0.000|-0.054|+0.000|+0.000|+0.000|+0.000|+0.000|+0.000|+0.000|
011:+0.478|+0.000|+0.072|+0.108|+0.000|+0.000|-0.036|+0.000|+0.000|+0.000|+0.000|+0.000|+0.054|+0.000|+0.000|+0.000|+0.000|+0.000|+0.000|+0.000|
012:+0.514|+0.000|+0.108|+0.054|+0.000|+0.000|+0.036|+0.000|+0.000|+0.000|+0.000|+0.000|+0.072|+0.000|+0.000|+0.000|+0.000|+0.000|+0.000|+0.000|
013:+0.460|+0.000|+0.162|+0.108|+0.000|+0.000|+0.054|+0.000|+0.000|+0.000|+0.000|+0.000|-0.072|+0.000|+0.000|+0.000|+0.000|+0.000|+0.000|+0.000|
014:+0.406|+0.000|+0.108|+0.180|+0.000|+0.000|-0.054|+0.000|+0.000|+0.000|+0.000|+0.000|-0.072|+0.000|+0.000|+0.000|+0.000|+0.000|+0.000|+0.000|
015:+0.478|+0.000|+0.054|+0.108|+0.000|+0.000|-0.054|+0.000|+0.000|+0.000|+0.000|+0.000|+0.072|+0.000|+0.000|+0.000|+0.000|+0.000|+0.000|+0.000|
016:+0.532|+0.000|+0.108|+0.036|+0.000|+0.000|+0.054|+0.000|+0.000|+0.000|+0.000|+0.000|+0.090|+0.000|+0.000|+0.000|+0.000|+0.000|+0.000|+0.000|
017:+0.460|+0.000|+0.180|+0.108|+0.000|+0.000|+0.072|+0.000|+0.000|+0.000|+0.000|+0.000|-0.090|+0.000|+0.000|+0.000|+0.000|+0.000|+0.000|+0.000|
018:+0.387|+0.000|+0.108|+0.198|+0.000|+0.000|-0.072|+0.000|+0.000|+0.000|+0.000|+0.000|-0.090|+0.000|+0.000|+0.000|+0.000|+0.000|+0.000|+0.000|
019:+0.477|+0.000|+0.036|+0.108|+0.000|+0.000|-0.072|+0.000|+0.000|+0.000|+0.000|+0.000|+0.090|+0.000|+0.000|+0.000|+0.000|+0.000|+0.000|+0.000|
020:+0.549|+0.000|+0.108|+0.018|+0.000|+0.000|+0.072|+0.000|+0.000|+0.000|+0.000|+0.000|+0.108|+0.000|+0.000|+0.000|+0.000|+0.000|+0.000|+0.000|
021:+0.459|+0.000|+0.198|+0.108|+0.000|+0.000|+0.090|+0.000|+0.000|+0.000|+0.000|+0.000|-0.108|+0.000|+0.000|+0.000|+0.000|+0.000|+0.000|+0.000|
022:+0.369|+0.000|+0.108|+0.216|+0.000|+0.000|-0.090|+0.000|+0.000|+0.000|+0.000|+0.000|-0.108|+0.000|+0.000|+0.000|+0.000|+0.000|+0.000|+0.000|
023:+0.477|+0.000|+0.018|+0.108|+0.000|+0.000|-0.090|+0.000|+0.000|+0.000|+0.000|+0.000|+0.108|+0.000|+0.000|+0.000|+0.000|+0.000|+0.000|+0.000|
024:+0.567|+0.000|+0.108|+0.000|+0.000|+0.000|+0.090|+0.000|+0.000|+0.000|+0.000|+0.000|+0.126|+0.000|+0.000|+0.000|+0.000|+0.000|+0.000|+0.000|
025:+0.459|+0.000|+0.216|+0.108|+0.000|+0.000|+0.108|+0.000|+0.000|+0.000|+0.000|+0.000|-0.126|+0.000|+0.000|+0.000|+0.000|+0.000|+0.000|+0.000|
026:+0.351|+0.000|+0.109|+0.234|+0.000|+0.000|-0.108|+0.000|+0.000|+0.000|+0.000|+0.000|-0.126|+0.000|+0.000|+0.000|+0.000|+0.000|+0.000|+0.000|
027:+0.477|+0.000|+0.001|+0.108|+0.000|+0.000|-0.108|+0.000|+0.000|+0.000|+0.000|+0.000|+0.126|+0.000|+0.000|+0.000|+0.000|+0.000|+0.000|+0.000|
028:+0.585|+0.000|+0.109|-0.018|+0.000|+0.000|+0.108|+0.000|+0.000|+0.000|+0.000|+0.000|+0.144|+0.000|+0.000|+0.000|+0.000|+0.000|+0.000|+0.000|
029:+0.459|+0.000|+0.235|+0.109|+0.000|+0.000|+0.126|+0.000|+0.000|+0.000|+0.000|+0.000|-0.144|+0.000|+0.000|+0.000|+0.000|+0.000|+0.000|+0.000|
030:+0.333|+0.000|+0.109|+0.253|+0.000|+0.000|-0.126|+0.000|+0.000|+0.000|+0.000|+0.000|-0.144|+0.000|+0.000|+0.000|+0.000|+0.000|+0.000|+0.000|
031:+0.476|+0.000|-0.017|+0.109|+0.000|+0.000|-0.126|+0.000|+0.000|+0.000|+0.000|+0.000|+0.144|+0.000|+0.000|+0.000|+0.000|+0.000|+0.000|+0.000|
032:+0.602|+0.000|+0.109|-0.035|+0.000|+0.000|+0.126|+0.000|+0.000|+0.000|+0.000|+0.000|+0.162|+0.000|+0.000|+0.000|+0.000|+0.000|+0.000|+0.000|
033:+0.458|+0.000|+0.253|+0.109|+0.000|+0.000|+0.144|+0.000|+0.000|+0.000|+0.000|+0.000|-0.162|+0.000|+0.000|+0.000|+0.000|+0.000|+0.000|+0.000|
034:+0.314|+0.000|+0.109|+0.271|+0.000|+0.000|-0.144|+0.000|+0.000|+0.000|+0.000|+0.000|-0.162|+0.000|+0.000|+0.000|+0.000|+0.000|+0.000|+0.000|
035:+0.476|+0.000|-0.035|+0.109|+0.000|+0.000|-0.144|+0.000|+0.000|+0.000|+0.000|+0.000|+0.162|+0.000|+0.000|+0.000|+0.000|+0.000|+0.000|+0.000|
036:+0.620|+0.000|+0.109|-0.053|+0.000|+0.000|+0.144|+0.000|+0.000|+0.000|+0.000|+0.000|+0.180|+0.000|+0.000|+0.000|+0.000|+0.000|+0.000|+0.000|
037:+0.458|+0.000|+0.271|+0.109|+0.000|+0.000|+0.162|+0.000|+0.000|+0.000|+0.000|+0.000|-0.180|+0.000|+0.000|+0.000|+0.000|+0.000|+0.000|+0.000|
038:+0.296|+0.000|+0.109|+0.289|+0.000|+0.000|-0.162|+0.000|+0.000|+0.000|+0.000|+0.000|-0.180|+0.000|+0.000|+0.000|+0.000|+0.000|+0.000|+0.000|
039:+0.476|+0.000|-0.053|+0.109|+0.000|+0.000|-0.162|+0.000|+0.000|+0.000|+0.000|+0.000|+0.180|+0.000|+0.000|+0.000|+0.000|+0.000|+0.000|+0.000|
040:+0.638|+0.000|+0.109|-0.071|+0.000|+0.000|+0.162|+0.000|+0.000|+0.000|+0.000|+0.000|+0.198|+0.000|+0.000|+0.000|+0.000|+0.000|+0.000|+0.000|
041:+0.457|+0.000|+0.289|+0.109|+0.000|+0.000|+0.180|+0.000|+0.000|+0.000|+0.000|+0.000|-0.198|+0.000|+0.000|+0.000|+0.000|+0.000|+0.000|+0.000|
042:+0.277|+0.000|+0.109|+0.307|+0.000|+0.000|-0.180|+0.000|+0.000|+0.000|+0.000|+0.000|-0.198|+0.000|+0.000|+0.000|+0.000|+0.000|+0.000|+0.000|
043:+0.475|+0.000|-0.071|+0.109|+0.000|+0.000|-0.180|+0.000|+0.000|+0.000|+0.000|+0.000|+0.198|+0.000|+0.000|+0.000|+0.000|+0.000|+0.000|+0.000|
044:+0.655|+0.000|+0.109|-0.089|+0.000|+0.000|+0.180|+0.000|+0.000|+0.000|+0.000|+0.000|+0.216|+0.000|+0.000|+0.000|+0.000|+0.000|+0.000|+0.000|
045:+0.457|+0.000|+0.307|+0.109|+0.000|+0.000|+0.198|+0.000|+0.000|+0.000|+0.000|+0.000|-0.216|+0.000|+0.000|+0.000|+0.000|+0.000|+0.000|+0.000|
046:+0.259|+0.000|+0.109|+0.325|+0.000|+0.000|-0.198|+0.000|+0.000|+0.000|+0.000|+0.000|-0.216|+0.000|+0.000|+0.000|+0.000|+0.000|+0.000|+0.000|
047:+0.475|+0.000|-0.089|+0.109|+0.000|+0.000|-0.198|+0.000|+0.000|+0.000|+0.000|+0.000|+0.216|+0.000|+0.000|+0.000|+0.000|+0.000|+0.000|+0.000|
048:+0.673|+0.000|+0.110|-0.107|+0.000|+0.000|+0.198|+0.000|+0.000|+0.000|+0.000|+0.000|+0.234|+0.000|+0.000|+0.000|+0.000|+0.000|+0.000|+0.000|
049:+0.456|+0.000|+0.326|+0.109|+0.000|+0.000|+0.216|+0.000|+0.000|+0.000|+0.000|+0.000|-0.234|+0.000|+0.000|+0.000|+0.000|+0.000|+0.000|+0.000|
050:+0.240|+0.000|+0.110|+0.344|+0.000|+0.000|-0.216|+0.000|+0.000|+0.000|+0.000|+0.000|-0.234|+0.000|+0.000|+0.000|+0.000|+0.000|+0.000|+0.000|
051:+0.474|+0.000|-0.106|+0.110|+0.000|+0.000|-0.216|+0.000|+0.000|+0.000|+0.000|+0.000|+0.234|+0.000|+0.000|+0.000|+0.000|+0.000|+0.000|+0.000|
052:+0.690|+0.000|+0.110|-0.124|+0.000|+0.000|+0.216|+0.000|+0.000|+0.000|+0.000|+0.000|+0.252|+0.000|+0.000|+0.000|+0.000|+0.000|+0.000|+0.000|
053:+0.456|+0.000|+0.344|+0.110|+0.000|+0.000|+0.234|+0.000|+0.000|+0.000|+0.000|+0.000|-0.252|+0.000|+0.000|+0.000|+0.000|+0.000|+0.000|+0.000|
054:+0.222|+0.000|+0.110|+0.362|+0.000|+0.000|-0.234|+0.000|+0.000|+0.000|+0.000|+0.000|-0.252|+0.000|+0.000|+0.000|+0.000|+0.000|+0.000|+0.000|
055:+0.474|+0.000|-0.124|+0.110|+0.000|+0.000|-0.234|+0.000|+0.000|+0.000|+0.000|+0.000|+0.252|+0.000|+0.000|+0.000|+0.000|+0.000|+0.000|+0.000|
056:+0.708|+0.000|+0.110|-0.142|+0.000|+0.000|+0.234|+0.000|+0.000|+0.000|+0.000|+0.000|+0.270|+0.000|+0.000|+0.000|+0.000|+0.000|+0.000|+0.000|
057:+0.455|+0.000|+0.362|+0.110|+0.000|+0.000|+0.252|+0.000|+0.000|+0.000|+0.000|+0.000|-0.270|+0.000|+0.000|+0.000|+0.000|+0.000|+0.000|+0.000|
058:+0.203|+0.000|+0.110|+0.380|+0.000|+0.000|-0.252|+0.000|+0.000|+0.000|+0.000|+0.000|-0.270|+0.000|+0.000|+0.000|+0.000|+0.000|+0.000|+0.000|
059:+0.473|+0.000|-0.142|+0.110|+0.000|+0.000|-0.252|+0.000|+0.000|+0.000|+0.000|+0.000|+0.270|+0.000|+0.000|+0.000|+0.000|+0.000|+0.000|+0.000|
060:+0.725|+0.000|+0.110|-0.160|+0.000|+0.000|+0.252|+0.000|+0.000|+0.000|+0.000|+0.000|+0.288|+0.000|+0.000|+0.000|+0.000|+0.000|+0.000|+0.000|
061:+0.455|+0.000|+0.380|+0.110|+0.000|+0.000|+0.270|+0.000|+0.000|+0.000|+0.000|+0.000|-0.288|+0.000|+0.000|+0.000|+0.000|+0.000|+0.000|+0.000|
062:+0.185|+0.000|+0.110|+0.398|+0.000|+0.000|-0.270|+0.000|+0.000|+0.000|+0.000|+0.000|-0.288|+0.000|+0.000|+0.000|+0.000|+0.000|+0.000|+0.000|
063:+0.473|+0.000|-0.160|+0.110|+0.000|+0.000|-0.270|+0.000|+0.000|+0.000|+0.000|+0.000|+0.288|+0.000|+0.000|+0.000|+0.000|+0.000|+0.000|+0.000|
064:+0.743|+0.000|+0.110|-0.178|+0.000|+0.000|+0.270|+0.000|+0.000|+0.000|+0.000|+0.000|+0.306|+0.000|+0.000|+0.000|+0.000|+0.000|+0.000|+0.000|
065:+0.454|+0.000|+0.398|+0.110|+0.000|+0.000|+0.288|+0.000|+0.000|+0.000|+0.000|+0.000|-0.306|+0.000|+0.000|+0.000|+0.000|+0.000|+0.000|+0.000|
066:+0.166|+0.000|+0.111|+0.416|+0.000|+0.000|-0.288|+0.000|+0.000|+0.000|+0.000|+0.000|-0.306|+0.000|+0.000|+0.000|+0.000|+0.000|+0.000|+0.000|
067:+0.472|+0.000|-0.177|+0.110|+0.000|+0.000|-0.288|+0.000|+0.000|+0.000|+0.000|+0.000|+0.306|+0.000|+0.000|+0.000|+0.000|+0.000|+0.000|+0.000|
068:+0.760|+0.000|+0.111|-0.196|+0.000|+0.000|+0.288|+0.000|+0.000|+0.000|+0.000|+0.000|+0.324|+0.000|+0.000|+0.000|+0.000|+0.000|+0.000|+0.000|
069:+0.454|+0.000|+0.417|+0.111|+0.000|+0.000|+0.306|+0.000|+0.000|+0.000|+0.000|+0.000|-0.324|+0.000|+0.000|+0.000|+0.000|+0.000|+0.000|+0.000|
070:+0.148|+0.000|+0.111|+0.435|+0.000|+0.000|-0.306|+0.000|+0.000|+0.000|+0.000|+0.000|-0.324|+0.000|+0.000|+0.000|+0.000|+0.000|+0.000|+0.000|
071:+0.472|+0.000|-0.195|+0.111|+0.000|+0.000|-0.306|+0.000|+0.000|+0.000|+0.000|+0.000|+0.324|+0.000|+0.000|+0.000|+0.000|+0.000|+0.000|+0.000|
072:+0.778|+0.000|+0.111|-0.213|+0.000|+0.000|+0.306|+0.000|+0.000|+0.000|+0.000|+0.000|+0.342|+0.000|+0.000|+0.000|+0.000|+0.000|+0.000|+0.000|
073:+0.453|+0.000|+0.435|+0.111|+0.000|+0.000|+0.324|+0.000|+0.000|+0.000|+0.000|+0.000|-0.342|+0.000|+0.000|+0.000|+0.000|+0.000|+0.000|+0.000|
074:+0.129|+0.000|+0.111|+0.453|+0.000|+0.000|-0.324|+0.000|+0.000|+0.000|+0.000|+0.000|-0.342|+0.000|+0.000|+0.000|+0.000|+0.000|+0.000|+0.000|
075:+0.471|+0.000|-0.213|+0.111|+0.000|+0.000|-0.324|+0.000|+0.000|+0.000|+0.000|+0.000|+0.342|+0.000|+0.000|+0.000|+0.000|+0.000|+0.000|+0.000|
076:+0.795|+0.000|+0.111|-0.231|+0.000|+0.000|+0.324|+0.000|+0.000|+0.000|+0.000|+0.000|+0.360|+0.000|+0.000|+0.000|+0.000|+0.000|+0.000|+0.000|
077:+0.453|+0.000|+0.453|+0.111|+0.000|+0.000|+0.342|+0.000|+0.000|+0.000|+0.000|+0.000|-0.360|+0.000|+0.000|+0.000|+0.000|+0.000|+0.000|+0.000|
078:+0.111|+0.000|+0.111|+0.471|+0.000|+0.000|-0.342|+0.000|+0.000|+0.000|+0.000|+0.000|-0.360|+0.000|+0.000|+0.000|+0.000|+0.000|+0.000|+0.000|
079:+0.471|+0.000|-0.231|+0.111|+0.000|+0.000|-0.342|+0.000|+0.000|+0.000|+0.000|+0.000|+0.360|+0.000|+0.000|+0.000|+0.000|+0.000|+0.000|+0.000|
080:+0.813|+0.000|+0.111|-0.249|+0.000|+0.000|+0.342|+0.000|+0.000|+0.000|+0.000|+0.000|+0.378|+0.000|+0.000|+0.000|+0.000|+0.000|+0.000|+0.000|
081:+0.452|+0.000|+0.471|+0.111|+0.000|+0.000|+0.360|+0.000|+0.000|+0.000|+0.000|+0.000|-0.378|+0.000|+0.000|+0.000|+0.000|+0.000|+0.000|+0.000|
082:+0.092|+0.000|+0.111|+0.489|+0.000|+0.000|-0.360|+0.000|+0.000|+0.000|+0.000|+0.000|-0.378|+0.000|+0.000|+0.000|+0.000|+0.000|+0.000|+0.000|
083:+0.470|+0.000|-0.249|+0.111|+0.000|+0.000|-0.360|+0.000|+0.000|+0.000|+0.000|+0.000|+0.378|+0.000|+0.000|+0.000|+0.000|+0.000|+0.000|+0.000|
084:+0.830|+0.000|+0.111|-0.267|+0.000|+0.000|+0.360|+0.000|+0.000|+0.000|+0.000|+0.000|+0.396|+0.000|+0.000|+0.000|+0.000|+0.000|+0.000|+0.000|
085:+0.452|+0.000|+0.489|+0.111|+0.000|+0.000|+0.378|+0.000|+0.000|+0.000|+0.000|+0.000|-0.396|+0.000|+0.000|+0.000|+0.000|+0.000|+0.000|+0.000|
086:+0.074|+0.000|+0.112|+0.507|+0.000|+0.000|-0.378|+0.000|+0.000|+0.000|+0.000|+0.000|-0.396|+0.000|+0.000|+0.000|+0.000|+0.000|+0.000|+0.000|
087:+0.470|+0.000|-0.266|+0.111|+0.000|+0.000|-0.378|+0.000|+0.000|+0.000|+0.000|+0.000|+0.396|+0.000|+0.000|+0.000|+0.000|+0.000|+0.000|+0.000|
088:+0.848|+0.000|+0.112|-0.285|+0.000|+0.000|+0.378|+0.000|+0.000|+0.000|+0.000|+0.000|+0.414|+0.000|+0.000|+0.000|+0.000|+0.000|+0.000|+0.000|
089:+0.452|+0.000|+0.508|+0.112|+0.000|+0.000|+0.396|+0.000|+0.000|+0.000|+0.000|+0.000|-0.414|+0.000|+0.000|+0.000|+0.000|+0.000|+0.000|+0.000|
090:+0.056|+0.000|+0.112|+0.526|+0.000|+0.000|-0.396|+0.000|+0.000|+0.000|+0.000|+0.000|-0.414|+0.000|+0.000|+0.000|+0.000|+0.000|+0.000|+0.000|
091:+0.469|+0.000|-0.284|+0.112|+0.000|+0.000|-0.396|+0.000|+0.000|+0.000|+0.000|+0.000|+0.414|+0.000|+0.000|+0.000|+0.000|+0.000|+0.000|+0.000|
092:+0.865|+0.000|+0.112|-0.302|+0.000|+0.000|+0.396|+0.000|+0.000|+0.000|+0.000|+0.000|+0.432|+0.000|+0.000|+0.000|+0.000|+0.000|+0.000|+0.000|
093:+0.451|+0.000|+0.526|+0.112|+0.000|+0.000|+0.414|+0.000|+0.000|+0.000|+0.000|+0.000|-0.432|+0.000|+0.000|+0.000|+0.000|+0.000|+0.000|+0.000|
094:+0.037|+0.000|+0.112|+0.544|+0.000|+0.000|-0.414|+0.000|+0.000|+0.000|+0.000|+0.000|-0.432|+0.000|+0.000|+0.000|+0.000|+0.000|+0.000|+0.000|
095:+0.469|+0.000|-0.302|+0.112|+0.000|+0.000|-0.414|+0.000|+0.000|+0.000|+0.000|+0.000|+0.432|+0.000|+0.000|+0.000|+0.000|+0.000|+0.000|+0.000|
096:+0.883|+0.000|+0.112|-0.320|+0.000|+0.000|+0.414|+0.000|+0.000|+0.000|+0.000|+0.000|+0.450|+0.000|+0.000|+0.000|+0.000|+0.000|+0.000|+0.000|
097:+0.451|+0.000|+0.544|+0.112|+0.000|+0.000|+0.432|+0.000|+0.000|+0.000|+0.000|+0.000|-0.450|+0.000|+0.000|+0.000|+0.000|+0.000|+0.000|+0.000|
098:+0.019|+0.000|+0.112|+0.562|+0.000|+0.000|-0.432|+0.000|+0.000|+0.000|+0.000|+0.000|-0.450|+0.000|+0.000|+0.000|+0.000|+0.000|+0.000|+0.000|
099:+0.469|+0.000|-0.320|+0.112|+0.000|+0.000|-0.432|+0.000|+0.000|+0.000|+0.000|+0.000|+0.450|+0.000|+0.000|+0.000|+0.000|+0.000|+0.000|+0.000|
100:+0.901|+0.000|+0.112|-0.338|+0.000|+0.000|+0.432|+0.000|+0.000|+0.000|+0.000|+0.000|+0.468|+0.000|+0.000|+0.000|+0.000|+0.000|+0.000|+0.000|
101:+0.451|+0.000|+0.562|+0.112|+0.000|+0.000|+0.450|+0.000|+0.000|+0.000|+0.000|+0.000|-0.468|+0.000|+0.000|+0.000|+0.000|+0.000|+0.000|+0.000|
102:+0.001|+0.000|+0.112|+0.580|+0.000|+0.000|-0.450|+0.000|+0.000|+0.000|+0.000|+0.000|-0.468|+0.000|+0.000|+0.000|+0.000|+0.000|+0.000|+0.000|
103:+0.469|+0.000|-0.338|+0.112|+0.000|+0.000|-0.450|+0.000|+0.000|+0.000|+0.000|+0.000|+0.468|+0.000|+0.000|+0.000|+0.000|+0.000|+0.000|+0.000|
104:+0.919|+0.000|+0.112|-0.356|+0.000|+0.000|+0.450|+0.000|+0.000|+0.000|+0.000|+0.000|+0.486|+0.000|+0.000|+0.000|+0.000|+0.000|+0.000|+0.000|
105:+0.451|+0.000|+0.580|+0.112|+0.000|+0.000|+0.468|+0.000|+0.000|+0.000|+0.000|+0.000|-0.486|+0.000|+0.000|+0.000|+0.000|+0.000|+0.000|+0.000|
106:-0.017|+0.000|+0.112|+0.598|+0.000|+0.000|-0.468|+0.000|+0.000|+0.000|+0.000|+0.000|-0.486|+0.000|+0.000|+0.000|+0.000|+0.000|+0.000|+0.000|
107:+0.469|+0.000|-0.356|+0.112|+0.000|+0.000|-0.468|+0.000|+0.000|+0.000|+0.000|+0.000|+0.486|+0.000|+0.000|+0.000|+0.000|+0.000|+0.000|+0.000|
108:+0.937|+0.000|+0.112|-0.374|+0.000|+0.000|+0.468|+0.000|+0.000|+0.000|+0.000|+0.000|+0.504|+0.000|+0.000|+0.000|+0.000|+0.000|+0.000|+0.000|
109:+0.451|+0.000|+0.598|+0.112|+0.000|+0.000|+0.486|+0.000|+0.000|+0.000|+0.000|+0.000|-0.504|+0.000|+0.000|+0.000|+0.000|+0.000|+0.000|+0.000|
110:-0.035|+0.000|+0.112|+0.616|+0.000|+0.000|-0.486|+0.000|+0.000|+0.000|+0.000|+0.000|-0.504|+0.000|+0.000|+0.000|+0.000|+0.000|+0.000|+0.000|
111:+0.468|+0.000|-0.374|+0.112|+0.000|+0.000|-0.486|+0.000|+0.000|+0.000|+0.000|+0.000|+0.504|+0.000|+0.000|+0.000|+0.000|+0.000|+0.000|+0.000|
112:+0.955|+0.000|+0.112|-0.392|+0.000|+0.000|+0.486|+0.000|+0.000|+0.000|+0.000|+0.000|+0.522|+0.000|+0.000|+0.000|+0.000|+0.000|+0.000|+0.000|
113:+0.450|+0.000|+0.616|+0.112|+0.000|+0.000|+0.504|+0.000|+0.000|+0.000|+0.000|+0.000|-0.522|+0.000|+0.000|+0.000|+0.000|+0.000|+0.000|+0.000|
114:-0.054|+0.000|+0.112|+0.634|+0.000|+0.000|-0.504|+0.000|+0.000|+0.000|+0.000|+0.000|-0.522|+0.000|+0.000|+0.000|+0.000|+0.000|+0.000|+0.000|
115:+0.468|+0.000|-0.392|+0.112|+0.000|+0.000|-0.504|+0.000|+0.000|+0.000|+0.000|+0.000|+0.522|+0.000|+0.000|+0.000|+0.000|+0.000|+0.000|+0.000|
116:+0.972|+0.000|+0.112|-0.410|+0.000|+0.000|+0.504|+0.000|+0.000|+0.000|+0.000|+0.000|+0.540|+0.000|+0.000|+0.000|+0.000|+0.000|+0.000|+0.000|
117:+0.450|+0.000|+0.634|+0.112|+0.000|+0.000|+0.522|+0.000|+0.000|+0.000|+0.000|+0.000|-0.540|+0.000|+0.000|+0.000|+0.000|+0.000|+0.000|+0.000|
118:-0.071|+0.000|+0.112|+0.652|+0.000|+0.000|-0.522|+0.000|+0.000|+0.000|+0.000|+0.000|-0.540|+0.000|+0.000|+0.000|+0.000|+0.000|+0.000|+0.000|
119:+0.468|+0.000|-0.410|+0.112|+0.000|+0.000|-0.522|+0.000|+0.000|+0.000|+0.000|+0.000|+0.540|+0.000|+0.000|+0.000|+0.000|+0.000|+0.000|+0.000|
120:+0.991|+0.000|+0.112|-0.428|+0.000|+0.000|+0.522|+0.000|+0.000|+0.000|+0.000|+0.000|+0.558|+0.000|+0.000|+0.000|+0.000|+0.000|+0.000|+0.000|
121:+0.450|+0.000|+0.652|+0.112|+0.000|+0.000|+0.540|+0.000|+0.000|+0.000|+0.000|+0.000|-0.558|+0.000|+0.000|+0.000|+0.000|+0.000|+0.000|+0.000|
122:-0.089|+0.000|+0.112|+0.670|+0.000|+0.000|-0.540|+0.000|+0.000|+0.000|+0.000|+0.000|-0.558|+0.000|+0.000|+0.000|+0.000|+0.000|+0.000|+0.000|
123:+0.469|+0.000|-0.428|+0.112|+0.000|+0.000|-0.540|+0.000|+0.000|+0.000|+0.000|+0.000|+0.558|+0.000|+0.000|+0.000|+0.000|+0.000|+0.000|+0.000|
124:+1.009|+0.000|+0.112|-0.446|+0.000|+0.000|+0.540|+0.000|+0.000|+0.000|+0.000|+0.000|+0.576|+0.000|+0.000|+0.000|+0.000|+0.000|+0.000|+0.000|
125:+0.451|+0.000|+0.670|+0.112|+0.000|+0.000|+0.558|+0.000|+0.000|+0.000|+0.000|+0.000|-0.576|+0.000|+0.000|+0.000|+0.000|+0.000|+0.000|+0.000|
126:-0.107|+0.000|+0.112|+0.688|+0.000|+0.000|-0.558|+0.000|+0.000|+0.000|+0.000|+0.000|-0.576|+0.000|+0.000|+0.000|+0.000|+0.000|+0.000|+0.000|
127:+0.469|+0.000|-0.446|+0.112|+0.000|+0.000|-0.558|+0.000|+0.000|+0.000|+0.000|+0.000|+0.576|+0.000|+0.000|+0.000|+0.000|+0.000|+0.000|+0.000|
128:+1.027|+0.000|+0.112|-0.464|+0.000|+0.000|+0.558|+0.000|+0.000|+0.000|+0.000|+0.000|+0.594|+0.000|+0.000|+0.000|+0.000|+0.000|+0.000|+0.000|
129:+0.451|+0.000|+0.688|+0.112|+0.000|+0.000|+0.576|+0.000|+0.000|+0.000|+0.000|+0.000|-0.594|+0.000|+0.000|+0.000|+0.000|+0.000|+0.000|+0.000|
130:-0.125|+0.000|+0.112|+0.706|+0.000|+0.000|-0.576|+0.000|+0.000|+0.000|+0.000|+0.000|-0.594|+0.000|+0.000|+0.000|+0.000|+0.000|+0.000|+0.000|
131:+0.469|+0.000|-0.464|+0.112|+0.000|+0.000|-0.576|+0.000|+0.000|+0.000|+0.000|+0.000|+0.594|+0.000|+0.000|+0.000|+0.000|+0.000|+0.000|+0.000|
132:+1.045|+0.000|+0.112|-0.482|+0.000|+0.000|+0.576|+0.000|+0.000|+0.000|+0.000|+0.000|+0.612|+0.000|+0.000|+0.000|+0.000|+0.000|+0.000|+0.000|
133:+0.451|+0.000|+0.706|+0.112|+0.000|+0.000|+0.594|+0.000|+0.000|+0.000|+0.000|+0.000|-0.612|+0.000|+0.000|+0.000|+0.000|+0.000|+0.000|+0.000|
134:-0.143|+0.000|+0.112|+0.724|+0.000|+0.000|-0.594|+0.000|+0.000|+0.000|+0.000|+0.000|-0.612|+0.000|+0.000|+0.000|+0.000|+0.000|+0.000|+0.000|
135:+0.469|+0.000|-0.482|+0.112|+0.000|+0.000|-0.594|+0.000|+0.000|+0.000|+0.000|+0.000|+0.612|+0.000|+0.000|+0.000|+0.000|+0.000|+0.000|+0.000|
136:+1.063|+0.000|+0.112|-0.500|+0.000|+0.000|+0.594|+0.000|+0.000|+0.000|+0.000|+0.000|+0.630|+0.000|+0.000|+0.000|+0.000|+0.000|+0.000|+0.000|
137:+0.451|+0.000|+0.724|+0.112|+0.000|+0.000|+0.612|+0.000|+0.000|+0.000|+0.000|+0.000|-0.630|+0.000|+0.000|+0.000|+0.000|+0.000|+0.000|+0.000|
138:-0.161|+0.000|+0.112|+0.742|+0.000|+0.000|-0.612|+0.000|+0.000|+0.000|+0.000|+0.000|-0.630|+0.000|+0.000|+0.000|+0.000|+0.000|+0.000|+0.000|
139:+0.469|+0.000|-0.500|+0.112|+0.000|+0.000|-0.612|+0.000|+0.000|+0.000|+0.000|+0.000|+0.630|+0.000|+0.000|+0.000|+0.000|+0.000|+0.000|+0.000|
140:+1.082|+0.000|+0.112|-0.518|+0.000|+0.000|+0.612|+0.000|+0.000|+0.000|+0.000|+0.000|+0.648|+0.000|+0.000|+0.000|+0.000|+0.000|+0.000|+0.000|
141:+0.452|+0.000|+0.742|+0.112|+0.000|+0.000|+0.630|+0.000|+0.000|+0.000|+0.000|+0.000|-0.648|+0.000|+0.000|+0.000|+0.000|+0.000|+0.000|+0.000|
142:-0.178|+0.000|+0.112|+0.760|+0.000|+0.000|-0.630|+0.000|+0.000|+0.000|+0.000|+0.000|-0.648|+0.000|+0.000|+0.000|+0.000|+0.000|+0.000|+0.000|
143:+0.470|+0.000|-0.519|+0.112|+0.000|+0.000|-0.630|+0.000|+0.000|+0.000|+0.000|+0.000|+0.648|+0.000|+0.000|+0.000|+0.000|+0.000|+0.000|+0.000|
144:+1.100|+0.000|+0.111|-0.537|+0.000|+0.000|+0.630|+0.000|+0.000|+0.000|+0.000|+0.000|+0.666|+0.000|+0.000|+0.000|+0.000|+0.000|+0.000|+0.000|
145:+0.452|+0.000|+0.759|+0.112|+0.000|+0.000|+0.648|+0.000|+0.000|+0.000|+0.000|+0.000|-0.666|+0.000|+0.000|+0.000|+0.000|+0.000|+0.000|+0.000|
146:-0.196|+0.000|+0.111|+0.777|+0.000|+0.000|-0.648|+0.000|+0.000|+0.000|+0.000|+0.000|-0.666|+0.000|+0.000|+0.000|+0.000|+0.000|+0.000|+0.000|
147:+0.470|+0.000|-0.537|+0.111|+0.000|+0.000|-0.648|+0.000|+0.000|+0.000|+0.000|+0.000|+0.666|+0.000|+0.000|+0.000|+0.000|+0.000|+0.000|+0.000|
148:+1.118|+0.000|+0.111|-0.555|+0.000|+0.000|+0.648|+0.000|+0.000|+0.000|+0.000|+0.000|+0.684|+0.000|+0.000|+0.000|+0.000|+0.000|+0.000|+0.000|
149:+0.452|+0.000|+0.777|+0.111|+0.000|+0.000|+0.666|+0.000|+0.000|+0.000|+0.000|+0.000|-0.684|+0.000|+0.000|+0.000|+0.000|+0.000|+0.000|+0.000|
150:-0.213|+0.000|+0.111|+0.795|+0.000|+0.000|-0.666|+0.000|+0.000|+0.000|+0.000|+0.000|-0.684|+0.000|+0.000|+0.000|+0.000|+0.000|+0.000|+0.000|
151:+0.471|+0.000|-0.555|+0.111|+0.000|+0.000|-0.666|+0.000|+0.000|+0.000|+0.000|+0.000|+0.684|+0.000|+0.000|+0.000|+0.000|+0.000|+0.000|+0.000|
152:+1.137|+0.000|+0.111|-0.573|+0.000|+0.000|+0.666|+0.000|+0.000|+0.000|+0.000|+0.000|+0.702|+0.000|+0.000|+0.000|+0.000|+0.000|+0.000|+0.000|
153:+0.453|+0.000|+0.795|+0.111|+0.000|+0.000|+0.684|+0.000|+0.000|+0.000|+0.000|+0.000|-0.702|+0.000|+0.000|+0.000|+0.000|+0.000|+0.000|+0.000|
154:-0.231|+0.000|+0.111|+0.813|+0.000|+0.000|-0.684|+0.000|+0.000|+0.000|+0.000|+0.000|-0.702|+0.000|+0.000|+0.000|+0.000|+0.000|+0.000|+0.000|
155:+0.471|+0.000|-0.573|+0.111|+0.000|+0.000|-0.684|+0.000|+0.000|+0.000|+0.000|+0.000|+0.702|+0.000|+0.000|+0.000|+0.000|+0.000|+0.000|+0.000|
156:+1.155|+0.000|+0.111|-0.591|+0.000|+0.000|+0.684|+0.000|+0.000|+0.000|+0.000|+0.000|+0.720|+0.000|+0.000|+0.000|+0.000|+0.000|+0.000|+0.000|
157:+0.453|+0.000|+0.813|+0.111|+0.000|+0.000|+0.702|+0.000|+0.000|+0.000|+0.000|+0.000|-0.720|+0.000|+0.000|+0.000|+0.000|+0.000|+0.000|+0.000|
158:-0.249|+0.000|+0.111|+0.831|+0.000|+0.000|-0.702|+0.000|+0.000|+0.000|+0.000|+0.000|-0.720|+0.000|+0.000|+0.000|+0.000|+0.000|+0.000|+0.000|
159:+0.472|+0.000|-0.591|+0.111|+0.000|+0.000|-0.702|+0.000|+0.000|+0.000|+0.000|+0.000|+0.720|+0.000|+0.000|+0.000|+0.000|+0.000|+0.000|+0.000|
160:+1.174|+0.000|+0.111|-0.609|+0.000|+0.000|+0.702|+0.000|+0.000|+0.000|+0.000|+0.000|+0.738|+0.000|+0.000|+0.000|+0.000|+0.000|+0.000|+0.000|
161:+0.454|+0.000|+0.831|+0.111|+0.000|+0.000|+0.720|+0.000|+0.000|+0.000|+0.000|+0.000|-0.738|+0.000|+0.000|+0.000|+0.000|+0.000|+0.000|+0.000|
162:-0.266|+0.000|+0.111|+0.849|+0.000|+0.000|-0.720|+0.000|+0.000|+0.000|+0.000|+0.000|-0.738|+0.000|+0.000|+0.000|+0.000|+0.000|+0.000|+0.000|
163:+0.472|+0.000|-0.610|+0.111|+0.000|+0.000|-0.720|+0.000|+0.000|+0.000|+0.000|+0.000|+0.738|+0.000|+0.000|+0.000|+0.000|+0.000|+0.000|+0.000|
164:+1.192|+0.000|+0.110|-0.627|+0.000|+0.000|+0.720|+0.000|+0.000|+0.000|+0.000|+0.000|+0.756|+0.000|+0.000|+0.000|+0.000|+0.000|+0.000|+0.000|
165:+0.454|+0.000|+0.848|+0.111|+0.000|+0.000|+0.738|+0.000|+0.000|+0.000|+0.000|+0.000|-0.756|+0.000|+0.000|+0.000|+0.000|+0.000|+0.000|+0.000|
166:-0.283|+0.000|+0.110|+0.866|+0.000|+0.000|-0.738|+0.000|+0.000|+0.000|+0.000|+0.000|-0.756|+0.000|+0.000|+0.000|+0.000|+0.000|+0.000|+0.000|
167:+0.473|+0.000|-0.628|+0.110|+0.000|+0.000|-0.738|+0.000|+0.000|+0.000|+0.000|+0.000|+0.756|+0.000|+0.000|+0.000|+0.000|+0.000|+0.000|+0.000|
168:+1.211|+0.000|+0.110|-0.646|+0.000|+0.000|+0.738|+0.000|+0.000|+0.000|+0.000|+0.000|+0.774|+0.000|+0.000|+0.000|+0.000|+0.000|+0.000|+0.000|
169:+0.455|+0.000|+0.866|+0.110|+0.000|+0.000|+0.756|+0.000|+0.000|+0.000|+0.000|+0.000|-0.774|+0.000|+0.000|+0.000|+0.000|+0.000|+0.000|+0.000|
170:-0.301|+0.000|+0.110|+0.884|+0.000|+0.000|-0.756|+0.000|+0.000|+0.000|+0.000|+0.000|-0.774|+0.000|+0.000|+0.000|+0.000|+0.000|+0.000|+0.000|
171:+0.473|+0.000|-0.646|+0.110|+0.000|+0.000|-0.756|+0.000|+0.000|+0.000|+0.000|+0.000|+0.774|+0.000|+0.000|+0.000|+0.000|+0.000|+0.000|+0.000|
172:+1.229|+0.000|+0.110|-0.664|+0.000|+0.000|+0.756|+0.000|+0.000|+0.000|+0.000|+0.000|+0.792|+0.000|+0.000|+0.000|+0.000|+0.000|+0.000|+0.000|
173:+0.455|+0.000|+0.884|+0.110|+0.000|+0.000|+0.774|+0.000|+0.000|+0.000|+0.000|+0.000|-0.792|+0.000|+0.000|+0.000|+0.000|+0.000|+0.000|+0.000|
174:-0.318|+0.000|+0.110|+0.902|+0.000|+0.000|-0.774|+0.000|+0.000|+0.000|+0.000|+0.000|-0.792|+0.000|+0.000|+0.000|+0.000|+0.000|+0.000|+0.000|
175:+0.474|+0.000|-0.664|+0.110|+0.000|+0.000|-0.774|+0.000|+0.000|+0.000|+0.000|+0.000|+0.792|+0.000|+0.000|+0.000|+0.000|+0.000|+0.000|+0.000|
176:+1.248|+0.000|+0.110|-0.682|+0.000|+0.000|+0.774|+0.000|+0.000|+0.000|+0.000|+0.000|+0.810|+0.000|+0.000|+0.000|+0.000|+0.000|+0.000|+0.000|
177:+0.456|+0.000|+0.902|+0.110|+0.000|+0.000|+0.792|+0.000|+0.000|+0.000|+0.000|+0.000|-0.810|+0.000|+0.000|+0.000|+0.000|+0.000|+0.000|+0.000|
178:-0.336|+0.000|+0.110|+0.920|+0.000|+0.000|-0.792|+0.000|+0.000|+0.000|+0.000|+0.000|-0.810|+0.000|+0.000|+0.000|+0.000|+0.000|+0.000|+0.000|
179:+0.474|+0.000|-0.683|+0.110|+0.000|+0.000|-0.792|+0.000|+0.000|+0.000|+0.000|+0.000|+0.810|+0.000|+0.000|+0.000|+0.000|+0.000|+0.000|+0.000|
180:+1.266|+0.000|+0.110|-0.700|+0.000|+0.000|+0.792|+0.000|+0.000|+0.000|+0.000|+0.000|+0.828|+0.000|+0.000|+0.000|+0.000|+0.000|+0.000|+0.000|
181:+0.456|+0.000|+0.919|+0.110|+0.000|+0.000|+0.810|+0.000|+0.000|+0.000|+0.000|+0.000|-0.828|+0.000|+0.000|+0.000|+0.000|+0.000|+0.000|+0.000|
182:-0.353|+0.000|+0.109|+0.937|+0.000|+0.000|-0.810|+0.000|+0.000|+0.000|+0.000|+0.000|-0.828|+0.000|+0.000|+0.000|+0.000|+0.000|+0.000|+0.000|
183:+0.475|+0.000|-0.701|+0.109|+0.000|+0.000|-0.810|+0.000|+0.000|+0.000|+0.000|+0.000|+0.828|+0.000|+0.000|+0.000|+0.000|+0.000|+0.000|+0.000|
184:+1.285|+0.000|+0.109|-0.719|+0.000|+0.000|+0.810|+0.000|+0.000|+0.000|+0.000|+0.000|+0.846|+0.000|+0.000|+0.000|+0.000|+0.000|+0.000|+0.000|
185:+0.457|+0.000|+0.937|+0.109|+0.000|+0.000|+0.828|+0.000|+0.000|+0.000|+0.000|+0.000|-0.846|+0.000|+0.000|+0.000|+0.000|+0.000|+0.000|+0.000|
186:-0.371|+0.000|+0.109|+0.955|+0.000|+0.000|-0.828|+0.000|+0.000|+0.000|+0.000|+0.000|-0.846|+0.000|+0.000|+0.000|+0.000|+0.000|+0.000|+0.000|
187:+0.475|+0.000|-0.719|+0.109|+0.000|+0.000|-0.828|+0.000|+0.000|+0.000|+0.000|+0.000|+0.846|+0.000|+0.000|+0.000|+0.000|+0.000|+0.000|+0.000|
188:+1.303|+0.000|+0.109|-0.737|+0.000|+0.000|+0.828|+0.000|+0.000|+0.000|+0.000|+0.000|+0.864|+0.000|+0.000|+0.000|+0.000|+0.000|+0.000|+0.000|
189:+0.457|+0.000|+0.955|+0.109|+0.000|+0.000|+0.846|+0.000|+0.000|+0.000|+0.000|+0.000|-0.864|+0.000|+0.000|+0.000|+0.000|+0.000|+0.000|+0.000|
190:-0.388|+0.000|+0.109|+0.973|+0.000|+0.000|-0.846|+0.000|+0.000|+0.000|+0.000|+0.000|-0.864|+0.000|+0.000|+0.000|+0.000|+0.000|+0.000|+0.000|
191:+0.476|+0.000|-0.737|+0.109|+0.000|+0.000|-0.846|+0.000|+0.000|+0.000|+0.000|+0.000|+0.864|+0.000|+0.000|+0.000|+0.000|+0.000|+0.000|+0.000|
192:+1.322|+0.000|+0.109|-0.755|+0.000|+0.000|+0.846|+0.000|+0.000|+0.000|+0.000|+0.000|+0.882|+0.000|+0.000|+0.000|+0.000|+0.000|+0.000|+0.000|
193:+0.458|+0.000|+0.973|+0.109|+0.000|+0.000|+0.864|+0.000|+0.000|+0.000|+0.000|+0.000|-0.882|+0.000|+0.000|+0.000|+0.000|+0.000|+0.000|+0.000|
194:-0.406|+0.000|+0.109|+0.991|+0.000|+0.000|-0.864|+0.000|+0.000|+0.000|+0.000|+0.000|-0.882|+0.000|+0.000|+0.000|+0.000|+0.000|+0.000|+0.000|
195:+0.476|+0.000|-0.755|+0.109|+0.000|+0.000|-0.864|+0.000|+0.000|+0.000|+0.000|+0.000|+0.882|+0.000|+0.000|+0.000|+0.000|+0.000|+0.000|+0.000|
196:+1.340|+0.000|+0.109|-0.773|+0.000|+0.000|+0.864|+0.000|+0.000|+0.000|+0.000|+0.000|+0.900|+0.000|+0.000|+0.000|+0.000|+0.000|+0.000|+0.000|
197:+0.458|+0.000|+0.991|+0.109|+0.000|+0.000|+0.882|+0.000|+0.000|+0.000|+0.000|+0.000|-0.900|+0.000|+0.000|+0.000|+0.000|+0.000|+0.000|+0.000|
198:-0.423|+0.000|+0.109|+1.009|+0.000|+0.000|-0.882|+0.000|+0.000|+0.000|+0.000|+0.000|-0.900|+0.000|+0.000|+0.000|+0.000|+0.000|+0.000|+0.000|
199:+0.477|+0.000|-0.774|+0.109|+0.000|+0.000|-0.882|+0.000|+0.000|+0.000|+0.000|+0.000|+0.900|+0.000|+0.000|+0.000|+0.000|+0.000|+0.000|+0.000|
200:+1.359|+0.000|+0.109|-0.791|+0.000|+0.000|+0.882|+0.000|+0.000|+0.000|+0.000|+0.000|+0.918|+0.000|+0.000|+0.000|+0.000|+0.000|+0.000|+0.000|
201:+0.459|+0.000|+1.008|+0.109|+0.000|+0.000|+0.900|+0.000|+0.000|+0.000|+0.000|+0.000|-0.918|+0.000|+0.000|+0.000|+0.000|+0.000|+0.000|+0.000|
202:-0.441|+0.000|+0.108|+1.026|+0.000|+0.000|-0.900|+0.000|+0.000|+0.000|+0.000|+0.000|-0.918|+0.000|+0.000|+0.000|+0.000|+0.000|+0.000|+0.000|
203:+0.477|+0.000|-0.792|+0.108|+0.000|+0.000|-0.900|+0.000|+0.000|+0.000|+0.000|+0.000|+0.918|+0.000|+0.000|+0.000|+0.000|+0.000|+0.000|+0.000|
204:+1.377|+0.000|+0.108|-0.810|+0.000|+0.000|+0.900|+0.000|+0.000|+0.000|+0.000|+0.000|+0.936|+0.000|+0.000|+0.000|+0.000|+0.000|+0.000|+0.000|
205:+0.459|+0.000|+1.026|+0.108|+0.000|+0.000|+0.918|+0.000|+0.000|+0.000|+0.000|+0.000|-0.936|+0.000|+0.000|+0.000|+0.000|+0.000|+0.000|+0.000|
206:-0.459|+0.000|+0.108|+1.044|+0.000|+0.000|-0.918|+0.000|+0.000|+0.000|+0.000|+0.000|-0.936|+0.000|+0.000|+0.000|+0.000|+0.000|+0.000|+0.000|
207:+0.477|+0.000|-0.810|+0.108|+0.000|+0.000|-0.918|+0.000|+0.000|+0.000|+0.000|+0.000|+0.936|+0.000|+0.000|+0.000|+0.000|+0.000|+0.000|+0.000|
208:+1.396|+0.000|+0.108|-0.828|+0.000|+0.000|+0.918|+0.000|+0.000|+0.000|+0.000|+0.000|+0.954|+0.000|+0.000|+0.000|+0.000|+0.000|+0.000|+0.000|
209:+0.460|+0.000|+1.044|+0.108|+0.000|+0.000|+0.936|+0.000|+0.000|+0.000|+0.000|+0.000|-0.954|+0.000|+0.000|+0.000|+0.000|+0.000|+0.000|+0.000|
210:-0.476|+0.000|+0.108|+1.062|+0.000|+0.000|-0.936|+0.000|+0.000|+0.000|+0.000|+0.000|-0.954|+0.000|+0.000|+0.000|+0.000|+0.000|+0.000|+0.000|
211:+0.478|+0.000|-0.828|+0.108|+0.000|+0.000|-0.936|+0.000|+0.000|+0.000|+0.000|+0.000|+0.954|+0.000|+0.000|+0.000|+0.000|+0.000|+0.000|+0.000|
212:+1.414|+0.000|+0.108|-0.846|+0.000|+0.000|+0.936|+0.000|+0.000|+0.000|+0.000|+0.000|+0.972|+0.000|+0.000|+0.000|+0.000|+0.000|+0.000|+0.000|
213:+0.460|+0.000|+1.062|+0.108|+0.000|+0.000|+0.954|+0.000|+0.000|+0.000|+0.000|+0.000|-0.972|+0.000|+0.000|+0.000|+0.000|+0.000|+0.000|+0.000|
214:-0.494|+0.000|+0.108|+1.080|+0.000|+0.000|-0.954|+0.000|+0.000|+0.000|+0.000|+0.000|-0.972|+0.000|+0.000|+0.000|+0.000|+0.000|+0.000|+0.000|
215:+0.478|+0.000|-0.846|+0.108|+0.000|+0.000|-0.954|+0.000|+0.000|+0.000|+0.000|+0.000|+0.972|+0.000|+0.000|+0.000|+0.000|+0.000|+0.000|+0.000|
216:+1.432|+0.000|+0.108|-0.864|+0.000|+0.000|+0.954|+0.000|+0.000|+0.000|+0.000|+0.000|+0.990|+0.000|+0.000|+0.000|+0.000|+0.000|+0.000|+0.000|
217:+0.460|+0.000|+1.080|+0.108|+0.000|+0.000|+0.972|+0.000|+0.000|+0.000|+0.000|+0.000|-0.990|+0.000|+0.000|+0.000|+0.000|+0.000|+0.000|+0.000|
218:-0.512|+0.000|+0.108|+1.098|+0.000|+0.000|-0.972|+0.000|+0.000|+0.000|+0.000|+0.000|-0.990|+0.000|+0.000|+0.000|+0.000|+0.000|+0.000|+0.000|
219:+0.478|+0.000|-0.864|+0.108|+0.000|+0.000|-0.972|+0.000|+0.000|+0.000|+0.000|+0.000|+0.990|+0.000|+0.000|+0.000|+0.000|+0.000|+0.000|+0.000|
220:+1.450|+0.000|+0.108|-0.882|+0.000|+0.000|+0.972|+0.000|+0.000|+0.000|+0.000|+0.000|+1.008|+0.000|+0.000|+0.000|+0.000|+0.000|+0.000|+0.000|
221:+0.460|+0.000|+1.098|+0.108|+0.000|+0.000|+0.990|+0.000|+0.000|+0.000|+0.000|+0.000|-1.008|+0.000|+0.000|+0.000|+0.000|+0.000|+0.000|+0.000|
222:-0.530|+0.000|+0.108|+1.116|+0.000|+0.000|-0.990|+0.000|+0.000|+0.000|+0.000|+0.000|-1.008|+0.000|+0.000|+0.000|+0.000|+0.000|+0.000|+0.000|
223:+0.478|+0.000|-0.882|+0.108|+0.000|+0.000|-0.990|+0.000|+0.000|+0.000|+0.000|+0.000|+1.008|+0.000|+0.000|+0.000|+0.000|+0.000|+0.000|+0.000|
224:+1.468|+0.000|+0.108|-0.900|+0.000|+0.000|+0.990|+0.000|+0.000|+0.000|+0.000|+0.000|+1.026|+0.000|+0.000|+0.000|+0.000|+0.000|+0.000|+0.000|
225:+0.460|+0.000|+1.116|+0.108|+0.000|+0.000|+1.008|+0.000|+0.000|+0.000|+0.000|+0.000|-1.026|+0.000|+0.000|+0.000|+0.000|+0.000|+0.000|+0.000|
226:-0.548|+0.000|+0.108|+1.134|+0.000|+0.000|-1.008|+0.000|+0.000|+0.000|+0.000|+0.000|-1.026|+0.000|+0.000|+0.000|+0.000|+0.000|+0.000|+0.000|
227:+0.478|+0.000|-0.900|+0.108|+0.000|+0.000|-1.008|+0.000|+0.000|+0.000|+0.000|+0.000|+1.026|+0.000|+0.000|+0.000|+0.000|+0.000|+0.000|+0.000|
228:+1.486|+0.000|+0.108|-0.918|+0.000|+0.000|+1.008|+0.000|+0.000|+0.000|+0.000|+0.000|+1.044|+0.000|+0.000|+0.000|+0.000|+0.000|+0.000|+0.000|
229:+0.460|+0.000|+1.134|+0.108|+0.000|+0.000|+1.026|+0.000|+0.000|+0.000|+0.000|+0.000|-1.044|+0.000|+0.000|+0.000|+0.000|+0.000|+0.000|+0.000|
230:-0.566|+0.000|+0.108|+1.152|+0.000|+0.000|-1.026|+0.000|+0.000|+0.000|+0.000|+0.000|-1.044|+0.000|+0.000|+0.000|+0.000|+0.000|+0.000|+0.000|
231:+0.478|+0.000|-0.918|+0.108|+0.000|+0.000|-1.026|+0.000|+0.000|+0.000|+0.000|+0.000|+1.044|+0.000|+0.000|+0.000|+0.000|+0.000|+0.000|+0.000|
232:+1.504|+0.000|+0.108|-0.936|+0.000|+0.000|+1.026|+0.000|+0.000|+0.000|+0.000|+0.000|+1.062|+0.000|+0.000|+0.000|+0.000|+0.000|+0.000|+0.000|
233:+0.460|+0.000|+1.152|+0.108|+0.000|+0.000|+1.044|+0.000|+0.000|+0.000|+0.000|+0.000|-1.062|+0.000|+0.000|+0.000|+0.000|+0.000|+0.000|+0.000|
234:-0.584|+0.000|+0.108|+1.170|+0.000|+0.000|-1.044|+0.000|+0.000|+0.000|+0.000|+0.000|-1.062|+0.000|+0.000|+0.000|+0.000|+0.000|+0.000|+0.000|
235:+0.478|+0.000|-0.936|+0.108|+0.000|+0.000|-1.044|+0.000|+0.000|+0.000|+0.000|+0.000|+1.062|+0.000|+0.000|+0.000|+0.000|+0.000|+0.000|+0.000|
236:+1.522|+0.000|+0.108|-0.954|+0.000|+0.000|+1.044|+0.000|+0.000|+0.000|+0.000|+0.000|+1.080|+0.000|+0.000|+0.000|+0.000|+0.000|+0.000|+0.000|
237:+0.460|+0.000|+1.170|+0.108|+0.000|+0.000|+1.062|+0.000|+0.000|+0.000|+0.000|+0.000|-1.080|+0.000|+0.000|+0.000|+0.000|+0.000|+0.000|+0.000|
238:-0.602|+0.000|+0.108|+1.188|+0.000|+0.000|-1.062|+0.000|+0.000|+0.000|+0.000|+0.000|-1.080|+0.000|+0.000|+0.000|+0.000|+0.000|+0.000|+0.000|
239:+0.478|+0.000|-0.954|+0.108|+0.000|+0.000|-1.062|+0.000|+0.000|+0.000|+0.000|+0.000|+1.080|+0.000|+0.000|+0.000|+0.000|+0.000|+0.000|+0.000|
240:+1.540|+0.000|+0.108|-0.972|+0.000|+0.000|+1.062|+0.000|+0.000|+0.000|+0.000|+0.000|+1.098|+0.000|+0.000|+0.000|+0.000|+0.000|+0.000|+0.000|
241:+0.460|+0.000|+1.188|+0.108|+0.000|+0.000|+1.080|+0.000|+0.000|+0.000|+0.000|+0.000|-1.098|+0.000|+0.000|+0.000|+0.000|+0.000|+0.000|+0.000|
242:-0.620|+0.000|+0.108|+1.206|+0.000|+0.000|-1.080|+0.000|+0.000|+0.000|+0.000|+0.000|-1.098|+0.000|+0.000|+0.000|+0.000|+0.000|+0.000|+0.000|
243:+0.478|+0.000|-0.972|+0.108|+0.000|+0.000|-1.080|+0.000|+0.000|+0.000|+0.000|+0.000|+1.098|+0.000|+0.000|+0.000|+0.000|+0.000|+0.000|+0.000|
244:+1.558|+0.000|+0.108|-0.990|+0.000|+0.000|+1.080|+0.000|+0.000|+0.000|+0.000|+0.000|+1.116|+0.000|+0.000|+0.000|+0.000|+0.000|+0.000|+0.000|
245:+0.460|+0.000|+1.206|+0.108|+0.000|+0.000|+1.098|+0.000|+0.000|+0.000|+0.000|+0.000|-1.116|+0.000|+0.000|+0.000|+0.000|+0.000|+0.000|+0.000|
246:-0.638|+0.000|+0.108|+1.224|+0.000|+0.000|-1.098|+0.000|+0.000|+0.000|+0.000|+0.000|-1.116|+0.000|+0.000|+0.000|+0.000|+0.000|+0.000|+0.000|
247:+0.478|+0.000|-0.990|+0.108|+0.000|+0.000|-1.098|+0.000|+0.000|+0.000|+0.000|+0.000|+1.116|+0.000|+0.000|+0.000|+0.000|+0.000|+0.000|+0.000|
248:+1.576|+0.000|+0.108|-1.008|+0.000|+0.000|+1.098|+0.000|+0.000|+0.000|+0.000|+0.000|+1.134|+0.000|+0.000|+0.000|+0.000|+0.000|+0.000|+0.000|
249:+0.460|+0.000|+1.224|+0.108|+0.000|+0.000|+1.116|+0.000|+0.000|+0.000|+0.000|+0.000|-1.134|+0.000|+0.000|+0.000|+0.000|+0.000|+0.000|+0.000|
250:-0.656|+0.000|+0.108|+1.242|+0.000|+0.000|-1.116|+0.000|+0.000|+0.000|+0.000|+0.000|-1.134|+0.000|+0.000|+0.000|+0.000|+0.000|+0.000|+0.000|
251:+0.478|+0.000|-1.008|+0.108|+0.000|+0.000|-1.116|+0.000|+0.000|+0.000|+0.000|+0.000|+1.134|+0.000|+0.000|+0.000|+0.000|+0.000|+0.000|+0.000|
252:+1.594|+0.000|+0.108|-1.026|+0.000|+0.000|+1.116|+0.000|+0.000|+0.000|+0.000|+0.000|+1.152|+0.000|+0.000|+0.000|+0.000|+0.000|+0.000|+0.000|
253:+0.459|+0.000|+1.242|+0.108|+0.000|+0.000|+1.134|+0.000|+0.000|+0.000|+0.000|+0.000|-1.152|+0.000|+0.000|+0.000|+0.000|+0.000|+0.000|+0.000|
254:-0.675|+0.000|+0.108|+1.260|+0.000|+0.000|-1.134|+0.000|+0.000|+0.000|+0.000|+0.000|-1.152|+0.000|+0.000|+0.000|+0.000|+0.000|+0.000|+0.000|
255:+0.477|+0.000|-1.026|+0.108|+0.000|+0.000|-1.134|+0.000|+0.000|+0.000|+0.000|+0.000|+1.152|+0.000|+0.000|+0.000|+0.000|+0.000|+0.000|+0.000|
256:+1.611|+0.000|+0.108|-1.044|+0.000|+0.000|+1.134|+0.000|+0.000|+0.000|+0.000|+0.000|+1.170|+0.000|+0.000|+0.000|+0.000|+0.000|+0.000|+0.000|
257:+0.459|+0.000|+1.260|+0.108|+0.000|+0.000|+1.152|+0.000|+0.000|+0.000|+0.000|+0.000|-1.170|+0.000|+0.000|+0.000|+0.000|+0.000|+0.000|+0.000|
258:-0.693|+0.000|+0.109|+1.278|+0.000|+0.000|-1.152|+0.000|+0.000|+0.000|+0.000|+0.000|-1.170|+0.000|+0.000|+0.000|+0.000|+0.000|+0.000|+0.000|
259:+0.477|+0.000|-1.044|+0.108|+0.000|+0.000|-1.152|+0.000|+0.000|+0.000|+0.000|+0.000|+1.170|+0.000|+0.000|+0.000|+0.000|+0.000|+0.000|+0.000|
260:+1.629|+0.000|+0.109|-1.062|+0.000|+0.000|+1.152|+0.000|+0.000|+0.000|+0.000|+0.000|+1.188|+0.000|+0.000|+0.000|+0.000|+0.000|+0.000|+0.000|
261:+0.459|+0.000|+1.279|+0.109|+0.000|+0.000|+1.170|+0.000|+0.000|+0.000|+0.000|+0.000|-1.188|+0.000|+0.000|+0.000|+0.000|+0.000|+0.000|+0.000|
262:-0.711|+0.000|+0.109|+1.296|+0.000|+0.000|-1.170|+0.000|+0.000|+0.000|+0.000|+0.000|-1.188|+0.000|+0.000|+0.000|+0.000|+0.000|+0.000|+0.000|
263:+0.476|+0.000|-1.061|+0.109|+0.000|+0.000|-1.170|+0.000|+0.000|+0.000|+0.000|+0.000|+1.188|+0.000|+0.000|+0.000|+0.000|+0.000|+0.000|+0.000|
264:+1.646|+0.000|+0.109|-1.079|+0.000|+0.000|+1.170|+0.000|+0.000|+0.000|+0.000|+0.000|+1.206|+0.000|+0.000|+0.000|+0.000|+0.000|+0.000|+0.000|
265:+0.458|+0.000|+1.297|+0.109|+0.000|+0.000|+1.188|+0.000|+0.000|+0.000|+0.000|+0.000|-1.206|+0.000|+0.000|+0.000|+0.000|+0.000|+0.000|+0.000|
266:-0.730|+0.000|+0.109|+1.315|+0.000|+0.000|-1.188|+0.000|+0.000|+0.000|+0.000|+0.000|-1.206|+0.000|+0.000|+0.000|+0.000|+0.000|+0.000|+0.000|
267:+0.476|+0.000|-1.079|+0.109|+0.000|+0.000|-1.188|+0.000|+0.000|+0.000|+0.000|+0.000|+1.206|+0.000|+0.000|+0.000|+0.000|+0.000|+0.000|+0.000|
268:+1.664|+0.000|+0.109|-1.097|+0.000|+0.000|+1.188|+0.000|+0.000|+0.000|+0.000|+0.000|+1.224|+0.000|+0.000|+0.000|+0.000|+0.000|+0.000|+0.000|
269:+0.458|+0.000|+1.315|+0.109|+0.000|+0.000|+1.206|+0.000|+0.000|+0.000|+0.000|+0.000|-1.224|+0.000|+0.000|+0.000|+0.000|+0.000|+0.000|+0.000|
270:-0.748|+0.000|+0.109|+1.333|+0.000|+0.000|-1.206|+0.000|+0.000|+0.000|+0.000|+0.000|-1.224|+0.000|+0.000|+0.000|+0.000|+0.000|+0.000|+0.000|
271:+0.475|+0.000|-1.097|+0.109|+0.000|+0.000|-1.206|+0.000|+0.000|+0.000|+0.000|+0.000|+1.224|+0.000|+0.000|+0.000|+0.000|+0.000|+0.000|+0.000|
272:+1.681|+0.000|+0.109|-1.115|+0.000|+0.000|+1.206|+0.000|+0.000|+0.000|+0.000|+0.000|+1.242|+0.000|+0.000|+0.000|+0.000|+0.000|+0.000|+0.000|
273:+0.457|+0.000|+1.333|+0.109|+0.000|+0.000|+1.224|+0.000|+0.000|+0.000|+0.000|+0.000|-1.242|+0.000|+0.000|+0.000|+0.000|+0.000|+0.000|+0.000|
274:-0.767|+0.000|+0.109|+1.351|+0.000|+0.000|-1.224|+0.000|+0.000|+0.000|+0.000|+0.000|-1.242|+0.000|+0.000|+0.000|+0.000|+0.000|+0.000|+0.000|
275:+0.475|+0.000|-1.115|+0.109|+0.000|+0.000|-1.224|+0.000|+0.000|+0.000|+0.000|+0.000|+1.242|+0.000|+0.000|+0.000|+0.000|+0.000|+0.000|+0.000|
276:+1.699|+0.000|+0.109|-1.133|+0.000|+0.000|+1.224|+0.000|+0.000|+0.000|+0.000|+0.000|+1.260|+0.000|+0.000|+0.000|+0.000|+0.000|+0.000|+0.000|
277:+0.457|+0.000|+1.351|+0.109|+0.000|+0.000|+1.242|+0.000|+0.000|+0.000|+0.000|+0.000|-1.260|+0.000|+0.000|+0.000|+0.000|+0.000|+0.000|+0.000|
278:-0.785|+0.000|+0.110|+1.369|+0.000|+0.000|-1.242|+0.000|+0.000|+0.000|+0.000|+0.000|-1.260|+0.000|+0.000|+0.000|+0.000|+0.000|+0.000|+0.000|
279:+0.474|+0.000|-1.132|+0.110|+0.000|+0.000|-1.242|+0.000|+0.000|+0.000|+0.000|+0.000|+1.260|+0.000|+0.000|+0.000|+0.000|+0.000|+0.000|+0.000|
280:+1.716|+0.000|+0.110|-1.151|+0.000|+0.000|+1.242|+0.000|+0.000|+0.000|+0.000|+0.000|+1.278|+0.000|+0.000|+0.000|+0.000|+0.000|+0.000|+0.000|
281:+0.456|+0.000|+1.370|+0.110|+0.000|+0.000|+1.260|+0.000|+0.000|+0.000|+0.000|+0.000|-1.278|+0.000|+0.000|+0.000|+0.000|+0.000|+0.000|+0.000|
282:-0.804|+0.000|+0.110|+1.388|+0.000|+0.000|-1.260|+0.000|+0.000|+0.000|+0.000|+0.000|-1.278|+0.000|+0.000|+0.000|+0.000|+0.000|+0.000|+0.000|
283:+0.474|+0.000|-1.150|+0.110|+0.000|+0.000|-1.260|+0.000|+0.000|+0.000|+0.000|+0.000|+1.278|+0.000|+0.000|+0.000|+0.000|+0.000|+0.000|+0.000|
284:+1.734|+0.000|+0.110|-1.168|+0.000|+0.000|+1.260|+0.000|+0.000|+0.000|+0.000|+0.000|+1.296|+0.000|+0.000|+0.000|+0.000|+0.000|+0.000|+0.000|
285:+0.456|+0.000|+1.388|+0.110|+0.000|+0.000|+1.278|+0.000|+0.000|+0.000|+0.000|+0.000|-1.296|+0.000|+0.000|+0.000|+0.000|+0.000|+0.000|+0.000|
286:-0.822|+0.000|+0.110|+1.406|+0.000|+0.000|-1.278|+0.000|+0.000|+0.000|+0.000|+0.000|-1.296|+0.000|+0.000|+0.000|+0.000|+0.000|+0.000|+0.000|
287:+0.473|+0.000|-1.168|+0.110|+0.000|+0.000|-1.278|+0.000|+0.000|+0.000|+0.000|+0.000|+1.296|+0.000|+0.000|+0.000|+0.000|+0.000|+0.000|+0.000|
288:+1.751|+0.000|+0.110|-1.186|+0.000|+0.000|+1.278|+0.000|+0.000|+0.000|+0.000|+0.000|+1.314|+0.000|+0.000|+0.000|+0.000|+0.000|+0.000|+0.000|
289:+0.455|+0.000|+1.406|+0.110|+0.000|+0.000|+1.296|+0.000|+0.000|+0.000|+0.000|+0.000|-1.314|+0.000|+0.000|+0.000|+0.000|+0.000|+0.000|+0.000|
290:-0.841|+0.000|+0.110|+1.424|+0.000|+0.000|-1.296|+0.000|+0.000|+0.000|+0.000|+0.000|-1.314|+0.000|+0.000|+0.000|+0.000|+0.000|+0.000|+0.000|
291:+0.473|+0.000|-1.186|+0.110|+0.000|+0.000|-1.296|+0.000|+0.000|+0.000|+0.000|+0.000|+1.314|+0.000|+0.000|+0.000|+0.000|+0.000|+0.000|+0.000|
292:+1.769|+0.000|+0.110|-1.204|+0.000|+0.000|+1.296|+0.000|+0.000|+0.000|+0.000|+0.000|+1.332|+0.000|+0.000|+0.000|+0.000|+0.000|+0.000|+0.000|
293:+0.454|+0.000|+1.424|+0.110|+0.000|+0.000|+1.314|+0.000|+0.000|+0.000|+0.000|+0.000|-1.332|+0.000|+0.000|+0.000|+0.000|+0.000|+0.000|+0.000|
294:-0.860|+0.000|+0.111|+1.442|+0.000|+0.000|-1.314|+0.000|+0.000|+0.000|+0.000|+0.000|-1.332|+0.000|+0.000|+0.000|+0.000|+0.000|+0.000|+0.000|
295:+0.472|+0.000|-1.204|+0.110|+0.000|+0.000|-1.314|+0.000|+0.000|+0.000|+0.000|+0.000|+1.332|+0.000|+0.000|+0.000|+0.000|+0.000|+0.000|+0.000|
296:+1.786|+0.000|+0.111|-1.222|+0.000|+0.000|+1.314|+0.000|+0.000|+0.000|+0.000|+0.000|+1.350|+0.000|+0.000|+0.000|+0.000|+0.000|+0.000|+0.000|
297:+0.454|+0.000|+1.443|+0.111|+0.000|+0.000|+1.332|+0.000|+0.000|+0.000|+0.000|+0.000|-1.350|+0.000|+0.000|+0.000|+0.000|+0.000|+0.000|+0.000|
298:-0.878|+0.000|+0.111|+1.461|+0.000|+0.000|-1.332|+0.000|+0.000|+0.000|+0.000|+0.000|-1.350|+0.000|+0.000|+0.000|+0.000|+0.000|+0.000|+0.000|
299:+0.472|+0.000|-1.221|+0.111|+0.000|+0.000|-1.332|+0.000|+0.000|+0.000|+0.000|+0.000|+1.350|+0.000|+0.000|+0.000|+0.000|+0.000|+0.000|+0.000|
300:+1.804|+0.000|+0.111|-1.239|+0.000|+0.000|+1.332|+0.000|+0.000|+0.000|+0.000|+0.000|+1.368|+0.000|+0.000|+0.000|+0.000|+0.000|+0.000|+0.000|
301:+0.453|+0.000|+1.461|+0.111|+0.000|+0.000|+1.350|+0.000|+0.000|+0.000|+0.000|+0.000|-1.368|+0.000|+0.000|+0.000|+0.000|+0.000|+0.000|+0.000|
302:-0.897|+0.000|+0.111|+1.479|+0.000|+0.000|-1.350|+0.000|+0.000|+0.000|+0.000|+0.000|-1.368|+0.000|+0.000|+0.000|+0.000|+0.000|+0.000|+0.000|
303:+0.471|+0.000|-1.239|+0.111|+0.000|+0.000|-1.350|+0.000|+0.000|+0.000|+0.000|+0.000|+1.368|+0.000|+0.000|+0.000|+0.000|+0.000|+0.000|+0.000|
304:+1.821|+0.000|+0.111|-1.257|+0.000|+0.000|+1.350|+0.000|+0.000|+0.000|+0.000|+0.000|+1.386|+0.000|+0.000|+0.000|+0.000|+0.000|+0.000|+0.000|
305:+0.453|+0.000|+1.479|+0.111|+0.000|+0.000|+1.368|+0.000|+0.000|+0.000|+0.000|+0.000|-1.386|+0.000|+0.000|+0.000|+0.000|+0.000|+0.000|+0.000|
306:-0.915|+0.000|+0.111|+1.497|+0.000|+0.000|-1.368|+0.000|+0.000|+0.000|+0.000|+0.000|-1.386|+0.000|+0.000|+0.000|+0.000|+0.000|+0.000|+0.000|
307:+0.471|+0.000|-1.257|+0.111|+0.000|+0.000|-1.368|+0.000|+0.000|+0.000|+0.000|+0.000|+1.386|+0.000|+0.000|+0.000|+0.000|+0.000|+0.000|+0.000|
308:+1.839|+0.000|+0.111|-1.275|+0.000|+0.000|+1.368|+0.000|+0.000|+0.000|+0.000|+0.000|+1.404|+0.000|+0.000|+0.000|+0.000|+0.000|+0.000|+0.000|
309:+0.452|+0.000|+1.497|+0.111|+0.000|+0.000|+1.386|+0.000|+0.000|+0.000|+0.000|+0.000|-1.404|+0.000|+0.000|+0.000|+0.000|+0.000|+0.000|+0.000|
310:-0.934|+0.000|+0.111|+1.515|+0.000|+0.000|-1.386|+0.000|+0.000|+0.000|+0.000|+0.000|-1.404|+0.000|+0.000|+0.000|+0.000|+0.000|+0.000|+0.000|
311:+0.470|+0.000|-1.275|+0.111|+0.000|+0.000|-1.386|+0.000|+0.000|+0.000|+0.000|+0.000|+1.404|+0.000|+0.000|+0.000|+0.000|+0.000|+0.000|+0.000|
312:+1.856|+0.000|+0.112|-1.293|+0.000|+0.000|+1.386|+0.000|+0.000|+0.000|+0.000|+0.000|+1.422|+0.000|+0.000|+0.000|+0.000|+0.000|+0.000|+0.000|
313:+0.452|+0.000|+1.515|+0.111|+0.000|+0.000|+1.404|+0.000|+0.000|+0.000|+0.000|+0.000|-1.422|+0.000|+0.000|+0.000|+0.000|+0.000|+0.000|+0.000|
314:-0.952|+0.000|+0.112|+1.533|+0.000|+0.000|-1.404|+0.000|+0.000|+0.000|+0.000|+0.000|-1.422|+0.000|+0.000|+0.000|+0.000|+0.000|+0.000|+0.000|
315:+0.470|+0.000|-1.292|+0.112|+0.000|+0.000|-1.404|+0.000|+0.000|+0.000|+0.000|+0.000|+1.422|+0.000|+0.000|+0.000|+0.000|+0.000|+0.000|+0.000|
316:+1.874|+0.000|+0.112|-1.311|+0.000|+0.000|+1.404|+0.000|+0.000|+0.000|+0.000|+0.000|+1.440|+0.000|+0.000|+0.000|+0.000|+0.000|+0.000|+0.000|
317:+0.451|+0.000|+1.534|+0.112|+0.000|+0.000|+1.422|+0.000|+0.000|+0.000|+0.000|+0.000|-1.440|+0.000|+0.000|+0.000|+0.000|+0.000|+0.000|+0.000|
318:-0.971|+0.000|+0.112|+1.552|+0.000|+0.000|-1.422|+0.000|+0.000|+0.000|+0.000|+0.000|-1.440|+0.000|+0.000|+0.000|+0.000|+0.000|+0.000|+0.000|
319:+0.469|+0.000|-1.310|+0.112|+0.000|+0.000|-1.422|+0.000|+0.000|+0.000|+0.000|+0.000|+1.440|+0.000|+0.000|+0.000|+0.000|+0.000|+0.000|+0.000|
320:+1.891|+0.000|+0.112|-1.328|+0.000|+0.000|+1.422|+0.000|+0.000|+0.000|+0.000|+0.000|+1.458|+0.000|+0.000|+0.000|+0.000|+0.000|+0.000|+0.000|
321:+0.451|+0.000|+1.552|+0.112|+0.000|+0.000|+1.440|+0.000|+0.000|+0.000|+0.000|+0.000|-1.458|+0.000|+0.000|+0.000|+0.000|+0.000|+0.000|+0.000|
322:-0.989|+0.000|+0.112|+1.570|+0.000|+0.000|-1.440|+0.000|+0.000|+0.000|+0.000|+0.000|-1.458|+0.000|+0.000|+0.000|+0.000|+0.000|+0.000|+0.000|
323:+0.469|+0.000|-1.328|+0.112|+0.000|+0.000|-1.440|+0.000|+0.000|+0.000|+0.000|+0.000|+1.458|+0.000|+0.000|+0.000|+0.000|+0.000|+0.000|+0.000|
324:+1.909|+0.000|+0.112|-1.346|+0.000|+0.000|+1.440|+0.000|+0.000|+0.000|+0.000|+0.000|+1.476|+0.000|+0.000|+0.000|+0.000|+0.000|+0.000|+0.000|
325:+0.451|+0.000|+1.570|+0.112|+0.000|+0.000|+1.458|+0.000|+0.000|+0.000|+0.000|+0.000|-1.476|+0.000|+0.000|+0.000|+0.000|+0.000|+0.000|+0.000|
326:-1.007|+0.000|+0.112|+1.588|+0.000|+0.000|-1.458|+0.000|+0.000|+0.000|+0.000|+0.000|-1.476|+0.000|+0.000|+0.000|+0.000|+0.000|+0.000|+0.000|
327:+0.469|+0.000|-1.346|+0.112|+0.000|+0.000|-1.458|+0.000|+0.000|+0.000|+0.000|+0.000|+1.476|+0.000|+0.000|+0.000|+0.000|+0.000|+0.000|+0.000|
328:+1.927|+0.000|+0.112|-1.364|+0.000|+0.000|+1.458|+0.000|+0.000|+0.000|+0.000|+0.000|+1.494|+0.000|+0.000|+0.000|+0.000|+0.000|+0.000|+0.000|
329:+0.450|+0.000|+1.588|+0.112|+0.000|+0.000|+1.476|+0.000|+0.000|+0.000|+0.000|+0.000|-1.494|+0.000|+0.000|+0.000|+0.000|+0.000|+0.000|+0.000|
330:-1.025|+0.000|+0.112|+1.606|+0.000|+0.000|-1.476|+0.000|+0.000|+0.000|+0.000|+0.000|-1.494|+0.000|+0.000|+0.000|+0.000|+0.000|+0.000|+0.000|
331:+0.468|+0.000|-1.364|+0.112|+0.000|+0.000|-1.476|+0.000|+0.000|+0.000|+0.000|+0.000|+1.494|+0.000|+0.000|+0.000|+0.000|+0.000|+0.000|+0.000|
332:+1.944|+0.000|+0.112|-1.382|+0.000|+0.000|+1.476|+0.000|+0.000|+0.000|+0.000|+0.000|+1.512|+0.000|+0.000|+0.000|+0.000|+0.000|+0.000|+0.000|
333:+0.450|+0.000|+1.606|+0.112|+0.000|+0.000|+1.494|+0.000|+0.000|+0.000|+0.000|+0.000|-1.512|+0.000|+0.000|+0.000|+0.000|+0.000|+0.000|+0.000|
334:-1.044|+0.000|+0.112|+1.624|+0.000|+0.000|-1.494|+0.000|+0.000|+0.000|+0.000|+0.000|-1.512|+0.000|+0.000|+0.000|+0.000|+0.000|+0.000|+0.000|
335:+0.468|+0.000|-1.382|+0.112|+0.000|+0.000|-1.494|+0.000|+0.000|+0.000|+0.000|+0.000|+1.512|+0.000|+0.000|+0.000|+0.000|+0.000|+0.000|+0.000|
336:+1.962|+0.000|+0.112|-1.400|+0.000|+0.000|+1.494|+0.000|+0.000|+0.000|+0.000|+0.000|+1.530|+0.000|+0.000|+0.000|+0.000|+0.000|+0.000|+0.000|
337:+0.450|+0.000|+1.624|+0.112|+0.000|+0.000|+1.512|+0.000|+0.000|+0.000|+0.000|+0.000|-1.530|+0.000|+0.000|+0.000|+0.000|+0.000|+0.000|+0.000|
338:-1.062|+0.000|+0.112|+1.642|+0.000|+0.000|-1.512|+0.000|+0.000|+0.000|+0.000|+0.000|-1.530|+0.000|+0.000|+0.000|+0.000|+0.000|+0.000|+0.000|
339:+0.468|+0.000|-1.400|+0.112|+0.000|+0.000|-1.512|+0.000|+0.000|+0.000|+0.000|+0.000|+1.530|+0.000|+0.000|+0.000|+0.000|+0.000|+0.000|+0.000|
340:+1.980|+0.000|+0.112|-1.418|+0.000|+0.000|+1.512|+0.000|+0.000|+0.000|+0.000|+0.000|+1.548|+0.000|+0.000|+0.000|+0.000|+0.000|+0.000|+0.000|
341:+0.450|+0.000|+1.642|+0.112|+0.000|+0.000|+1.530|+0.000|+0.000|+0.000|+0.000|+0.000|-1.548|+0.000|+0.000|+0.000|+0.000|+0.000|+0.000|+0.000|
342:-1.080|+0.000|+0.112|+1.660|+0.000|+0.000|-1.530|+0.000|+0.000|+0.000|+0.000|+0.000|-1.548|+0.000|+0.000|+0.000|+0.000|+0.000|+0.000|+0.000|
343:+0.468|+0.000|-1.418|+0.112|+0.000|+0.000|-1.530|+0.000|+0.000|+0.000|+0.000|+0.000|+1.548|+0.000|+0.000|+0.000|+0.000|+0.000|+0.000|+0.000|
344:+1.998|+0.000|+0.112|-1.436|+0.000|+0.000|+1.530|+0.000|+0.000|+0.000|+0.000|+0.000|+1.566|+0.000|+0.000|+0.000|+0.000|+0.000|+0.000|+0.000|
345:+0.450|+0.000|+1.660|+0.112|+0.000|+0.000|+1.548|+0.000|+0.000|+0.000|+0.000|+0.000|-1.566|+0.000|+0.000|+0.000|+0.000|+0.000|+0.000|+0.000|
346:-1.098|+0.000|+0.112|+1.678|+0.000|+0.000|-1.548|+0.000|+0.000|+0.000|+0.000|+0.000|-1.566|+0.000|+0.000|+0.000|+0.000|+0.000|+0.000|+0.000|
347:+0.468|+0.000|-1.436|+0.112|+0.000|+0.000|-1.548|+0.000|+0.000|+0.000|+0.000|+0.000|+1.566|+0.000|+0.000|+0.000|+0.000|+0.000|+0.000|+0.000|
348:+2.016|+0.000|+0.112|-1.454|+0.000|+0.000|+1.548|+0.000|+0.000|+0.000|+0.000|+0.000|+1.584|+0.000|+0.000|+0.000|+0.000|+0.000|+0.000|+0.000|
349:+0.450|+0.000|+1.678|+0.112|+0.000|+0.000|+1.566|+0.000|+0.000|+0.000|+0.000|+0.000|-1.584|+0.000|+0.000|+0.000|+0.000|+0.000|+0.000|+0.000|
350:-1.116|+0.000|+0.112|+1.696|+0.000|+0.000|-1.566|+0.000|+0.000|+0.000|+0.000|+0.000|-1.584|+0.000|+0.000|+0.000|+0.000|+0.000|+0.000|+0.000|
351:+0.468|+0.000|-1.454|+0.112|+0.000|+0.000|-1.566|+0.000|+0.000|+0.000|+0.000|+0.000|+1.584|+0.000|+0.000|+0.000|+0.000|+0.000|+0.000|+0.000|
352:+2.034|+0.000|+0.112|-1.472|+0.000|+0.000|+1.566|+0.000|+0.000|+0.000|+0.000|+0.000|+1.602|+0.000|+0.000|+0.000|+0.000|+0.000|+0.000|+0.000|
353:+0.450|+0.000|+1.696|+0.112|+0.000|+0.000|+1.584|+0.000|+0.000|+0.000|+0.000|+0.000|-1.602|+0.000|+0.000|+0.000|+0.000|+0.000|+0.000|+0.000|
354:-1.134|+0.000|+0.112|+1.714|+0.000|+0.000|-1.584|+0.000|+0.000|+0.000|+0.000|+0.000|-1.602|+0.000|+0.000|+0.000|+0.000|+0.000|+0.000|+0.000|
355:+0.468|+0.000|-1.472|+0.112|+0.000|+0.000|-1.584|+0.000|+0.000|+0.000|+0.000|+0.000|+1.602|+0.000|+0.000|+0.000|+0.000|+0.000|+0.000|+0.000|
356:+2.052|+0.000|+0.112|-1.490|+0.000|+0.000|+1.584|+0.000|+0.000|+0.000|+0.000|+0.000|+1.620|+0.000|+0.000|+0.000|+0.000|+0.000|+0.000|+0.000|
357:+0.450|+0.000|+1.714|+0.112|+0.000|+0.000|+1.602|+0.000|+0.000|+0.000|+0.000|+0.000|-1.620|+0.000|+0.000|+0.000|+0.000|+0.000|+0.000|+0.000|
358:-1.152|+0.000|+0.112|+1.732|+0.000|+0.000|-1.602|+0.000|+0.000|+0.000|+0.000|+0.000|-1.620|+0.000|+0.000|+0.000|+0.000|+0.000|+0.000|+0.000|
359:+0.468|+0.000|-1.490|+0.112|+0.000|+0.000|-1.602|+0.000|+0.000|+0.000|+0.000|+0.000|+1.620|+0.000|+0.000|+0.000|+0.000|+0.000|+0.000|+0.000|
360:+2.071|+0.000|+0.112|-1.508|+0.000|+0.000|+1.602|+0.000|+0.000|+0.000|+0.000|+0.000|+1.638|+0.000|+0.000|+0.000|+0.000|+0.000|+0.000|+0.000|
361:+0.450|+0.000|+1.732|+0.112|+0.000|+0.000|+1.620|+0.000|+0.000|+0.000|+0.000|+0.000|-1.638|+0.000|+0.000|+0.000|+0.000|+0.000|+0.000|+0.000|
362:-1.169|+0.000|+0.112|+1.750|+0.000|+0.000|-1.620|+0.000|+0.000|+0.000|+0.000|+0.000|-1.638|+0.000|+0.000|+0.000|+0.000|+0.000|+0.000|+0.000|
363:+0.469|+0.000|-1.508|+0.112|+0.000|+0.000|-1.620|+0.000|+0.000|+0.000|+0.000|+0.000|+1.638|+0.000|+0.000|+0.000|+0.000|+0.000|+0.000|+0.000|
364:+2.089|+0.000|+0.112|-1.526|+0.000|+0.000|+1.620|+0.000|+0.000|+0.000|+0.000|+0.000|+1.656|+0.000|+0.000|+0.000|+0.000|+0.000|+0.000|+0.000|
365:+0.451|+0.000|+1.750|+0.112|+0.000|+0.000|+1.638|+0.000|+0.000|+0.000|+0.000|+0.000|-1.656|+0.000|+0.000|+0.000|+0.000|+0.000|+0.000|+0.000|
366:-1.187|+0.000|+0.112|+1.768|+0.000|+0.000|-1.638|+0.000|+0.000|+0.000|+0.000|+0.000|-1.656|+0.000|+0.000|+0.000|+0.000|+0.000|+0.000|+0.000|
367:+0.469|+0.000|-1.526|+0.112|+0.000|+0.000|-1.638|+0.000|+0.000|+0.000|+0.000|+0.000|+1.656|+0.000|+0.000|+0.000|+0.000|+0.000|+0.000|+0.000|
368:+2.107|+0.000|+0.112|-1.544|+0.000|+0.000|+1.638|+0.000|+0.000|+0.000|+0.000|+0.000|+1.674|+0.000|+0.000|+0.000|+0.000|+0.000|+0.000|+0.000|
369:+0.451|+0.000|+1.768|+0.112|+0.000|+0.000|+1.656|+0.000|+0.000|+0.000|+0.000|+0.000|-1.674|+0.000|+0.000|+0.000|+0.000|+0.000|+0.000|+0.000|
370:-1.205|+0.000|+0.112|+1.786|+0.000|+0.000|-1.656|+0.000|+0.000|+0.000|+0.000|+0.000|-1.674|+0.000|+0.000|+0.000|+0.000|+0.000|+0.000|+0.000|
371:+0.469|+0.000|-1.544|+0.112|+0.000|+0.000|-1.656|+0.000|+0.000|+0.000|+0.000|+0.000|+1.674|+0.000|+0.000|+0.000|+0.000|+0.000|+0.000|+0.000|
372:+2.126|+0.000|+0.112|-1.562|+0.000|+0.000|+1.656|+0.000|+0.000|+0.000|+0.000|+0.000|+1.692|+0.000|+0.000|+0.000|+0.000|+0.000|+0.000|+0.000|
373:+0.451|+0.000|+1.785|+0.112|+0.000|+0.000|+1.674|+0.000|+0.000|+0.000|+0.000|+0.000|-1.692|+0.000|+0.000|+0.000|+0.000|+0.000|+0.000|+0.000|
374:-1.222|+0.000|+0.112|+1.804|+0.000|+0.000|-1.674|+0.000|+0.000|+0.000|+0.000|+0.000|-1.692|+0.000|+0.000|+0.000|+0.000|+0.000|+0.000|+0.000|
375:+0.470|+0.000|-1.563|+0.112|+0.000|+0.000|-1.674|+0.000|+0.000|+0.000|+0.000|+0.000|+1.692|+0.000|+0.000|+0.000|+0.000|+0.000|+0.000|+0.000|
376:+2.144|+0.000|+0.112|-1.581|+0.000|+0.000|+1.674|+0.000|+0.000|+0.000|+0.000|+0.000|+1.710|+0.000|+0.000|+0.000|+0.000|+0.000|+0.000|+0.000|
377:+0.452|+0.000|+1.803|+0.112|+0.000|+0.000|+1.692|+0.000|+0.000|+0.000|+0.000|+0.000|-1.710|+0.000|+0.000|+0.000|+0.000|+0.000|+0.000|+0.000|
378:-1.240|+0.000|+0.111|+1.821|+0.000|+0.000|-1.692|+0.000|+0.000|+0.000|+0.000|+0.000|-1.710|+0.000|+0.000|+0.000|+0.000|+0.000|+0.000|+0.000|
379:+0.470|+0.000|-1.581|+0.112|+0.000|+0.000|-1.692|+0.000|+0.000|+0.000|+0.000|+0.000|+1.710|+0.000|+0.000|+0.000|+0.000|+0.000|+0.000|+0.000|
380:+2.162|+0.000|+0.111|-1.599|+0.000|+0.000|+1.692|+0.000|+0.000|+0.000|+0.000|+0.000|+1.728|+0.000|+0.000|+0.000|+0.000|+0.000|+0.000|+0.000|
381:+0.452|+0.000|+1.821|+0.111|+0.000|+0.000|+1.710|+0.000|+0.000|+0.000|+0.000|+0.000|-1.728|+0.000|+0.000|+0.000|+0.000|+0.000|+0.000|+0.000|
382:-1.257|+0.000|+0.111|+1.839|+0.000|+0.000|-1.710|+0.000|+0.000|+0.000|+0.000|+0.000|-1.728|+0.000|+0.000|+0.000|+0.000|+0.000|+0.000|+0.000|
383:+0.471|+0.000|-1.599|+0.111|+0.000|+0.000|-1.710|+0.000|+0.000|+0.000|+0.000|+0.000|+1.728|+0.000|+0.000|+0.000|+0.000|+0.000|+0.000|+0.000|
384:+2.181|+0.000|+0.111|-1.617|+0.000|+0.000|+1.710|+0.000|+0.000|+0.000|+0.000|+0.000|+1.746|+0.000|+0.000|+0.000|+0.000|+0.000|+0.000|+0.000|
385:+0.453|+0.000|+1.839|+0.111|+0.000|+0.000|+1.728|+0.000|+0.000|+0.000|+0.000|+0.000|-1.746|+0.000|+0.000|+0.000|+0.000|+0.000|+0.000|+0.000|
386:-1.275|+0.000|+0.111|+1.857|+0.000|+0.000|-1.728|+0.000|+0.000|+0.000|+0.000|+0.000|-1.746|+0.000|+0.000|+0.000|+0.000|+0.000|+0.000|+0.000|
387:+0.471|+0.000|-1.617|+0.111|+0.000|+0.000|-1.728|+0.000|+0.000|+0.000|+0.000|+0.000|+1.746|+0.000|+0.000|+0.000|+0.000|+0.000|+0.000|+0.000|
388:+2.199|+0.000|+0.111|-1.635|+0.000|+0.000|+1.728|+0.000|+0.000|+0.000|+0.000|+0.000|+1.764|+0.000|+0.000|+0.000|+0.000|+0.000|+0.000|+0.000|
389:+0.453|+0.000|+1.857|+0.111|+0.000|+0.000|+1.746|+0.000|+0.000|+0.000|+0.000|+0.000|-1.764|+0.000|+0.000|+0.000|+0.000|+0.000|+0.000|+0.000|
390:-1.292|+0.000|+0.111|+1.875|+0.000|+0.000|-1.746|+0.000|+0.000|+0.000|+0.000|+0.000|-1.764|+0.000|+0.000|+0.000|+0.000|+0.000|+0.000|+0.000|
391:+0.472|+0.000|-1.635|+0.111|+0.000|+0.000|-1.746|+0.000|+0.000|+0.000|+0.000|+0.000|+1.764|+0.000|+0.000|+0.000|+0.000|+0.000|+0.000|+0.000|
392:+2.218|+0.000|+0.111|-1.653|+0.000|+0.000|+1.746|+0.000|+0.000|+0.000|+0.000|+0.000|+1.782|+0.000|+0.000|+0.000|+0.000|+0.000|+0.000|+0.000|
393:+0.454|+0.000|+1.874|+0.111|+0.000|+0.000|+1.764|+0.000|+0.000|+0.000|+0.000|+0.000|-1.782|+0.000|+0.000|+0.000|+0.000|+0.000|+0.000|+0.000|
394:-1.310|+0.000|+0.111|+1.892|+0.000|+0.000|-1.764|+0.000|+0.000|+0.000|+0.000|+0.000|-1.782|+0.000|+0.000|+0.000|+0.000|+0.000|+0.000|+0.000|
395:+0.472|+0.000|-1.654|+0.111|+0.000|+0.000|-1.764|+0.000|+0.000|+0.000|+0.000|+0.000|+1.782|+0.000|+0.000|+0.000|+0.000|+0.000|+0.000|+0.000|
396:+2.237|+0.000|+0.110|-1.672|+0.000|+0.000|+1.764|+0.000|+0.000|+0.000|+0.000|+0.000|+1.800|+0.000|+0.000|+0.000|+0.000|+0.000|+0.000|+0.000|
397:+0.455|+0.000|+1.892|+0.110|+0.000|+0.000|+1.782|+0.000|+0.000|+0.000|+0.000|+0.000|-1.800|+0.000|+0.000|+0.000|+0.000|+0.000|+0.000|+0.000|
398:-1.327|+0.000|+0.110|+1.910|+0.000|+0.000|-1.782|+0.000|+0.000|+0.000|+0.000|+0.000|-1.800|+0.000|+0.000|+0.000|+0.000|+0.000|+0.000|+0.000|
399:+0.473|+0.000|-1.672|+0.110|+0.000|+0.000|-1.782|+0.000|+0.000|+0.000|+0.000|+0.000|+1.800|+0.000|+0.000|+0.000|+0.000|+0.000|+0.000|+0.000|
