MI|TE1|rTE1|TE2|rTE2|2|3_1|3_2|4_1|4_2|5|6_1|6_2|3_1_I|3_2_I|4_1_I|4_2_I|5_I|6_1_I|6_2_I|
001:+0.460|+0.000|+0.112|+0.112|+0.000|+0.000|-0.018|+0.000|+0.000|+0.000|+0.000|+0.000|+0.018|+0.000|+0.000|+0.000|+0.000|+0.000|+0.000|+0.000|
002:+0.460|+0.000|+0.112|+0.112|+0.000|+0.000|+0.000|+0.000|+0.000|+0.000|+0.000|+0.000|-0.018|+0.000|+0.000|+0.000|+0.000|+0.000|+0.000|+0.000|
003:+0.460|+0.000|+0.112|+0.130|+0.000|+0.000|-0.000|+0.000|+0.000|+0.000|+0.000|+0.000|-0.018|+0.000|+0.000|+0.000|+0.000|+0.000|+0.000|+0.000|
004:+0.478|+0.000|+0.112|+0.112|+0.000|+0.000|-0.000|+0.000|+0.000|+0.000|+0.000|+0.000|+0.018|+0.000|+0.000|+0.000|+0.000|+0.000|+0.000|+0.000|
005:+0.478|+0.000|+0.112|+0.094|+0.000|+0.000|-0.000|+0.000|+0.000|+0.000|+0.000|+0.000|+0.036|+0.000|+0.000|+0.000|+0.000|+0.000|+0.000|+0.000|
006:+0.460|+0.000|+0.130|+0.112|+0.000|+0.000|+0.018|+0.000|+0.000|+0.000|+0.000|+0.000|-0.036|+0.000|+0.000|+0.000|+0.000|+0.000|+0.000|+0.000|
007:+0.442|+0.000|+0.112|+0.148|-0.000|+0.000|-0.018|+0.000|+0.000|+0.000|+0.000|+0.000|-0.036|+0.000|+0.000|+0.000|+0.000|+0.000|+0.000|+0.000|
008:+0.478|+0.000|+0.094|+0.112|-0.000|+0.000|-0.018|+0.000|+0.000|+0.000|+0.000|+0.000|+0.036|+0.000|+0.000|+0.000|+0.000|+0.000|+0.000|+0.000|
009:+0.496|+0.000|+0.112|+0.076|-0.000|+0.000|+0.018|+0.000|+0.000|+0.000|+0.000|+0.000|+0.054|+0.000|+0.000|+0.000|+0.000|+0.000|+0.000|+0.000|
010:+0.460|+0.000|+0.148|+0.112|-0.000|+0.000|+0.036|+0.000|+0.000|+0.000|+0.000|+0.000|-0.054|+0.000|+0.000|+0.000|+0.000|+0.000|+0.000|+0.000|
011:+0.424|+0.000|+0.112|+0.166|-0.000|+0.000|-0.036|+0.000|+0.000|+0.000|+0.000|+0.000|-0.054|+0.000|+0.000|+0.000|+0.000|+0.000|+0.000|+0.000|
012:+0.478|+0.000|+0.076|+0.112|-0.000|+0.000|-0.036|+0.000|+0.000|+0.000|+0.000|+0.000|+0.054|+0.000|+0.000|+0.000|+0.000|+0.000|+0.000|+0.000|
013:+0.514|+0.000|+0.112|+0.058|-0.000|+0.000|+0.036|+0.000|+0.000|+0.000|+0.000|+0.000|+0.072|+0.000|+0.000|+0.000|+0.000|+0.000|+0.000|+0.000|
014:+0.460|+0.000|+0.166|+0.112|-0.000|+0.000|+0.054|+0.000|+0.000|+0.000|+0.000|+0.000|-0.072|+0.000|+0.000|+0.000|+0.000|+0.000|+0.000|+0.000|
015:+0.406|+0.000|+0.112|+0.184|+0.000|+0.000|-0.054|+0.000|+0.000|+0.000|+0.000|+0.000|-0.072|+0.000|+0.000|+0.000|+0.000|+0.000|+0.000|+0.000|
016:+0.478|+0.000|+0.058|+0.112|+0.000|+0.000|-0.054|+0.000|+0.000|+0.000|+0.000|+0.000|+0.072|+0.000|+0.000|+0.000|+0.000|+0.000|+0.000|+0.000|
017:+0.532|+0.000|+0.112|+0.040|+0.000|+0.000|+0.054|+0.000|+0.000|+0.000|+0.000|+0.000|+0.090|+0.000|+0.000|+0.000|+0.000|+0.000|+0.000|+0.000|
018:+0.460|+0.000|+0.184|+0.112|+0.000|+0.000|+0.072|+0.000|+0.000|+0.000|+0.000|+0.000|-0.090|+0.000|+0.000|+0.000|+0.000|+0.000|+0.000|+0.000|
019:+0.389|+0.000|+0.112|+0.202|-0.000|+0.000|-0.072|+0.000|+0.000|+0.000|+0.000|+0.000|-0.090|+0.000|+0.000|+0.000|+0.000|+0.000|+0.000|+0.000|
020:+0.479|+0.000|+0.040|+0.112|-0.000|+0.000|-0.072|+0.000|+0.000|+0.000|+0.000|+0.000|+0.090|+0.000|+0.000|+0.000|+0.000|+0.000|+0.000|+0.000|
021:+0.551|+0.000|+0.112|+0.022|-0.000|+0.000|+0.072|+0.000|+0.000|+0.000|+0.000|+0.000|+0.108|+0.000|+0.000|+0.000|+0.000|+0.000|+0.000|+0.000|
022:+0.461|+0.000|+0.202|+0.112|-0.000|+0.000|+0.090|+0.000|+0.000|+0.000|+0.000|+0.000|-0.108|+0.000|+0.000|+0.000|+0.000|+0.000|+0.000|+0.000|
023:+0.371|+0.000|+0.112|+0.220|-0.000|+0.000|-0.090|+0.000|+0.000|+0.000|+0.000|+0.000|-0.108|+0.000|+0.000|+0.000|+0.000|+0.000|+0.000|+0.000|
024:+0.479|+0.000|+0.022|+0.112|-0.000|+0.000|-0.090|+0.000|+0.000|+0.000|+0.000|+0.000|+0.108|+0.000|+0.000|+0.000|+0.000|+0.000|+0.000|+0.000|
025:+0.569|+0.000|+0.112|+0.004|-0.000|+0.000|+0.090|+0.000|+0.000|+0.000|+0.000|+0.000|+0.126|+0.000|+0.000|+0.000|+0.000|+0.000|+0.000|+0.000|
026:+0.461|+0.000|+0.220|+0.112|-0.000|+0.000|+0.108|+0.000|+0.000|+0.000|+0.000|+0.000|-0.126|+0.000|+0.000|+0.000|+0.000|+0.000|+0.000|+0.000|
027:+0.353|+0.000|+0.111|+0.238|-0.000|+0.000|-0.108|+0.000|+0.000|+0.000|+0.000|+0.000|-0.126|+0.000|+0.000|+0.000|+0.000|+0.000|+0.000|+0.000|
028:+0.479|+0.000|+0.003|+0.112|-0.000|+0.000|-0.108|+0.000|+0.000|+0.000|+0.000|+0.000|+0.126|+0.000|+0.000|+0.000|+0.000|+0.000|+0.000|+0.000|
029:+0.587|+0.000|+0.111|-0.014|-0.000|+0.000|+0.108|+0.000|+0.000|+0.000|+0.000|+0.000|+0.144|+0.000|+0.000|+0.000|+0.000|+0.000|+0.000|+0.000|
030:+0.461|+0.000|+0.237|+0.111|+0.000|+0.000|+0.126|+0.000|+0.000|+0.000|+0.000|+0.000|-0.144|+0.000|+0.000|+0.000|+0.000|+0.000|+0.000|+0.000|
031:+0.335|+0.000|+0.111|+0.255|+0.000|+0.000|-0.126|+0.000|+0.000|+0.000|+0.000|+0.000|-0.144|+0.000|+0.000|+0.000|+0.000|+0.000|+0.000|+0.000|
032:+0.480|+0.000|-0.015|+0.111|+0.000|+0.000|-0.126|+0.000|+0.000|+0.000|+0.000|+0.000|+0.144|+0.000|+0.000|+0.000|+0.000|+0.000|+0.000|+0.000|
033:+0.606|+0.000|+0.111|-0.033|-0.000|+0.000|+0.126|+0.000|+0.000|+0.000|+0.000|+0.000|+0.162|+0.000|+0.000|+0.000|+0.000|+0.000|+0.000|+0.000|
034:+0.462|+0.000|+0.255|+0.111|-0.000|+0.000|+0.144|+0.000|+0.000|+0.000|+0.000|+0.000|-0.162|+0.000|+0.000|+0.000|+0.000|+0.000|+0.000|+0.000|
035:+0.318|+0.000|+0.111|+0.273|-0.000|+0.000|-0.144|+0.000|+0.000|+0.000|+0.000|+0.000|-0.162|+0.000|+0.000|+0.000|+0.000|+0.000|+0.000|+0.000|
036:+0.480|+0.000|-0.033|+0.111|-0.000|+0.000|-0.144|+0.000|+0.000|+0.000|+0.000|+0.000|+0.162|+0.000|+0.000|+0.000|+0.000|+0.000|+0.000|+0.000|
037:+0.624|+0.000|+0.111|-0.051|-0.000|+0.000|+0.144|+0.000|+0.000|+0.000|+0.000|+0.000|+0.180|+0.000|+0.000|+0.000|+0.000|+0.000|+0.000|+0.000|
038:+0.462|+0.000|+0.273|+0.111|-0.000|+0.000|+0.162|+0.000|+0.000|+0.000|+0.000|+0.000|-0.180|+0.000|+0.000|+0.000|+0.000|+0.000|+0.000|+0.000|
039:+0.300|+0.000|+0.111|+0.291|-0.000|+0.000|-0.162|+0.000|+0.000|+0.000|+0.000|+0.000|-0.180|+0.000|+0.000|+0.000|+0.000|+0.000|+0.000|+0.000|
040:+0.480|+0.000|-0.051|+0.111|-0.000|+0.000|-0.162|+0.000|+0.000|+0.000|+0.000|+0.000|+0.180|+0.000|+0.000|+0.000|+0.000|+0.000|+0.000|+0.000|
041:+0.642|+0.000|+0.111|-0.069|-0.000|+0.000|+0.162|+0.000|+0.000|+0.000|+0.000|+0.000|+0.198|+0.000|+0.000|+0.000|+0.000|+0.000|+0.000|+0.000|
042:+0.463|+0.000|+0.291|+0.111|-0.000|+0.000|+0.180|+0.000|+0.000|+0.000|+0.000|+0.000|-0.198|+0.000|+0.000|+0.000|+0.000|+0.000|+0.000|+0.000|
043:+0.283|+0.000|+0.111|+0.309|-0.000|+0.000|-0.180|+0.000|+0.000|+0.000|+0.000|+0.000|-0.198|+0.000|+0.000|+0.000|+0.000|+0.000|+0.000|+0.000|
044:+0.481|+0.000|-0.069|+0.111|-0.000|+0.000|-0.180|+0.000|+0.000|+0.000|+0.000|+0.000|+0.198|+0.000|+0.000|+0.000|+0.000|+0.000|+0.000|+0.000|
045:+0.661|+0.000|+0.111|-0.087|-0.000|+0.000|+0.180|+0.000|+0.000|+0.000|+0.000|+0.000|+0.216|+0.000|+0.000|+0.000|+0.000|+0.000|+0.000|+0.000|
046:+0.463|+0.000|+0.309|+0.111|-0.000|+0.000|+0.198|+0.000|+0.000|+0.000|+0.000|+0.000|-0.216|+0.000|+0.000|+0.000|+0.000|+0.000|+0.000|+0.000|
047:+0.265|+0.000|+0.111|+0.327|-0.000|+0.000|-0.198|+0.000|+0.000|+0.000|+0.000|+0.000|-0.216|+0.000|+0.000|+0.000|+0.000|+0.000|+0.000|+0.000|
048:+0.481|+0.000|-0.087|+0.111|-0.000|+0.000|-0.198|+0.000|+0.000|+0.000|+0.000|+0.000|+0.216|+0.000|+0.000|+0.000|+0.000|+0.000|+0.000|+0.000|
049:+0.679|+0.000|+0.110|-0.105|-0.000|+0.000|+0.198|+0.000|+0.000|+0.000|+0.000|+0.000|+0.234|+0.000|+0.000|+0.000|+0.000|+0.000|+0.000|+0.000|
050:+0.464|+0.000|+0.326|+0.111|-0.000|+0.000|+0.216|+0.000|+0.000|+0.000|+0.000|+0.000|-0.234|+0.000|+0.000|+0.000|+0.000|+0.000|+0.000|+0.000|
051:+0.248|+0.000|+0.110|+0.344|-0.000|+0.000|-0.216|+0.000|+0.000|+0.000|+0.000|+0.000|-0.234|+0.000|+0.000|+0.000|+0.000|+0.000|+0.000|+0.000|
052:+0.482|+0.000|-0.106|+0.110|-0.000|+0.000|-0.216|+0.000|+0.000|+0.000|+0.000|+0.000|+0.234|+0.000|+0.000|+0.000|+0.000|+0.000|+0.000|+0.000|
053:+0.698|+0.000|+0.110|-0.124|-0.000|+0.000|+0.216|+0.000|+0.000|+0.000|+0.000|+0.000|+0.252|+0.000|+0.000|+0.000|+0.000|+0.000|+0.000|+0.000|
054:+0.464|+0.000|+0.344|+0.110|-0.000|+0.000|+0.234|+0.000|+0.000|+0.000|+0.000|+0.000|-0.252|+0.000|+0.000|+0.000|+0.000|+0.000|+0.000|+0.000|
055:+0.230|+0.000|+0.110|+0.362|-0.000|+0.000|-0.234|+0.000|+0.000|+0.000|+0.000|+0.000|-0.252|+0.000|+0.000|+0.000|+0.000|+0.000|+0.000|+0.000|
056:+0.482|+0.000|-0.124|+0.110|-0.000|+0.000|-0.234|+0.000|+0.000|+0.000|+0.000|+0.000|+0.252|+0.000|+0.000|+0.000|+0.000|+0.000|+0.000|+0.000|
057:+0.716|+0.000|+0.110|-0.142|-0.000|+0.000|+0.234|+0.000|+0.000|+0.000|+0.000|+0.000|+0.270|+0.000|+0.000|+0.000|+0.000|+0.000|+0.000|+0.000|
058:+0.465|+0.000|+0.362|+0.110|-0.000|+0.000|+0.252|+0.000|+0.000|+0.000|+0.000|+0.000|-0.270|+0.000|+0.000|+0.000|+0.000|+0.000|+0.000|+0.000|
059:+0.213|+0.000|+0.110|+0.380|-0.000|+0.000|-0.252|+0.000|+0.000|+0.000|+0.000|+0.000|-0.270|+0.000|+0.000|+0.000|+0.000|+0.000|+0.000|+0.000|
060:+0.483|+0.000|-0.142|+0.110|-0.000|+0.000|-0.252|+0.000|+0.000|+0.000|+0.000|+0.000|+0.270|+0.000|+0.000|+0.000|+0.000|+0.000|+0.000|+0.000|
061:+0.735|+0.000|+0.110|-0.160|-0.000|+0.000|+0.252|+0.000|+0.000|+0.000|+0.000|+0.000|+0.288|+0.000|+0.000|+0.000|+0.000|+0.000|+0.000|+0.000|
062:+0.465|+0.000|+0.380|+0.110|-0.000|+0.000|+0.270|+0.000|+0.000|+0.000|+0.000|+0.000|-0.288|+0.000|+0.000|+0.000|+0.000|+0.000|+0.000|+0.000|
063:+0.195|+0.000|+0.110|+0.398|-0.000|+0.000|-0.270|+0.000|+0.000|+0.000|+0.000|+0.000|-0.288|+0.000|+0.000|+0.000|+0.000|+0.000|+0.000|+0.000|
064:+0.483|+0.000|-0.160|+0.110|-0.000|+0.000|-0.270|+0.000|+0.000|+0.000|+0.000|+0.000|+0.288|+0.000|+0.000|+0.000|+0.000|+0.000|+0.000|+0.000|
065:+0.753|+0.000|+0.110|-0.178|-0.000|+0.000|+0.270|+0.000|+0.000|+0.000|+0.000|+0.000|+0.306|+0.000|+0.000|+0.000|+0.000|+0.000|+0.000|+0.000|
066:+0.466|+0.000|+0.398|+0.110|-0.000|+0.000|+0.288|+0.000|+0.000|+0.000|+0.000|+0.000|-0.306|+0.000|+0.000|+0.000|+0.000|+0.000|+0.000|+0.000|
067:+0.178|+0.000|+0.109|+0.416|-0.000|+0.000|-0.288|+0.000|+0.000|+0.000|+0.000|+0.000|-0.306|+0.000|+0.000|+0.000|+0.000|+0.000|+0.000|+0.000|
068:+0.484|+0.000|-0.179|+0.110|-0.000|+0.000|-0.288|+0.000|+0.000|+0.000|+0.000|+0.000|+0.306|+0.000|+0.000|+0.000|+0.000|+0.000|+0.000|+0.000|
069:+0.772|+0.000|+0.109|-0.196|-0.000|+0.000|+0.288|+0.000|+0.000|+0.000|+0.000|+0.000|+0.324|+0.000|+0.000|+0.000|+0.000|+0.000|+0.000|+0.000|
070:+0.466|+0.000|+0.415|+0.109|-0.000|+0.000|+0.306|+0.000|+0.000|+0.000|+0.000|+0.000|-0.324|+0.000|+0.000|+0.000|+0.000|+0.000|+0.000|+0.000|
071:+0.160|+0.000|+0.109|+0.433|-0.000|+0.000|-0.306|+0.000|+0.000|+0.000|+0.000|+0.000|-0.324|+0.000|+0.000|+0.000|+0.000|+0.000|+0.000|+0.000|
072:+0.484|+0.000|-0.197|+0.109|-0.000|+0.000|-0.306|+0.000|+0.000|+0.000|+0.000|+0.000|+0.324|+0.000|+0.000|+0.000|+0.000|+0.000|+0.000|+0.000|
073:+0.790|+0.000|+0.109|-0.215|-0.000|+0.000|+0.306|+0.000|+0.000|+0.000|+0.000|+0.000|+0.342|+0.000|+0.000|+0.000|+0.000|+0.000|+0.000|+0.000|
074:+0.467|+0.000|+0.433|+0.109|+0.000|+0.000|+0.324|+0.000|+0.000|+0.000|+0.000|+0.000|-0.342|+0.000|+0.000|+0.000|+0.000|+0.000|+0.000|+0.000|
075:+0.143|+0.000|+0.109|+0.451|+0.000|+0.000|-0.324|+0.000|+0.000|+0.000|+0.000|+0.000|-0.342|+0.000|+0.000|+0.000|+0.000|+0.000|+0.000|+0.000|
076:+0.485|+0.000|-0.215|+0.109|+0.000|+0.000|-0.324|+0.000|+0.000|+0.000|+0.000|+0.000|+0.342|+0.000|+0.000|+0.000|+0.000|+0.000|+0.000|+0.000|
077:+0.809|+0.000|+0.109|-0.233|-0.000|+0.000|+0.324|+0.000|+0.000|+0.000|+0.000|+0.000|+0.360|+0.000|+0.000|+0.000|+0.000|+0.000|+0.000|+0.000|
078:+0.467|+0.000|+0.451|+0.109|-0.000|+0.000|+0.342|+0.000|+0.000|+0.000|+0.000|+0.000|-0.360|+0.000|+0.000|+0.000|+0.000|+0.000|+0.000|+0.000|
079:+0.125|+0.000|+0.109|+0.469|-0.000|+0.000|-0.342|+0.000|+0.000|+0.000|+0.000|+0.000|-0.360|+0.000|+0.000|+0.000|+0.000|+0.000|+0.000|+0.000|
080:+0.485|+0.000|-0.233|+0.109|-0.000|+0.000|-0.342|+0.000|+0.000|+0.000|+0.000|+0.000|+0.360|+0.000|+0.000|+0.000|+0.000|+0.000|+0.000|+0.000|
081:+0.827|+0.000|+0.109|-0.251|-0.000|+0.000|+0.342|+0.000|+0.000|+0.000|+0.000|+0.000|+0.378|+0.000|+0.000|+0.000|+0.000|+0.000|+0.000|+0.000|
082:+0.468|+0.000|+0.469|+0.109|-0.000|+0.000|+0.360|+0.000|+0.000|+0.000|+0.000|+0.000|-0.378|+0.000|+0.000|+0.000|+0.000|+0.000|+0.000|+0.000|
083:+0.108|+0.000|+0.109|+0.487|-0.000|+0.000|-0.360|+0.000|+0.000|+0.000|+0.000|+0.000|-0.378|+0.000|+0.000|+0.000|+0.000|+0.000|+0.000|+0.000|
084:+0.486|+0.000|-0.251|+0.109|-0.000|+0.000|-0.360|+0.000|+0.000|+0.000|+0.000|+0.000|+0.378|+0.000|+0.000|+0.000|+0.000|+0.000|+0.000|+0.000|
085:+0.846|+0.000|+0.109|-0.269|-0.000|+0.000|+0.360|+0.000|+0.000|+0.000|+0.000|+0.000|+0.396|+0.000|+0.000|+0.000|+0.000|+0.000|+0.000|+0.000|
086:+0.468|+0.000|+0.487|+0.109|-0.000|+0.000|+0.378|+0.000|+0.000|+0.000|+0.000|+0.000|-0.396|+0.000|+0.000|+0.000|+0.000|+0.000|+0.000|+0.000|
087:+0.090|+0.000|+0.108|+0.505|-0.000|+0.000|-0.378|+0.000|+0.000|+0.000|+0.000|+0.000|-0.396|+0.000|+0.000|+0.000|+0.000|+0.000|+0.000|+0.000|
088:+0.486|+0.000|-0.270|+0.109|-0.000|+0.000|-0.378|+0.000|+0.000|+0.000|+0.000|+0.000|+0.396|+0.000|+0.000|+0.000|+0.000|+0.000|+0.000|+0.000|
089:+0.864|+0.000|+0.108|-0.287|-0.000|+0.000|+0.378|+0.000|+0.000|+0.000|+0.000|+0.000|+0.414|+0.000|+0.000|+0.000|+0.000|+0.000|+0.000|+0.000|
090:+0.468|+0.000|+0.504|+0.108|-0.000|+0.000|+0.396|+0.000|+0.000|+0.000|+0.000|+0.000|-0.414|+0.000|+0.000|+0.000|+0.000|+0.000|+0.000|+0.000|
091:+0.072|+0.000|+0.108|+0.522|-0.000|+0.000|-0.396|+0.000|+0.000|+0.000|+0.000|+0.000|-0.414|+0.000|+0.000|+0.000|+0.000|+0.000|+0.000|+0.000|
092:+0.487|+0.000|-0.288|+0.108|-0.000|+0.000|-0.396|+0.000|+0.000|+0.000|+0.000|+0.000|+0.414|+0.000|+0.000|+0.000|+0.000|+0.000|+0.000|+0.000|
093:+0.883|+0.000|+0.108|-0.306|-0.000|+0.000|+0.396|+0.000|+0.000|+0.000|+0.000|+0.000|+0.432|+0.000|+0.000|+0.000|+0.000|+0.000|+0.000|+0.000|
094:+0.469|+0.000|+0.522|+0.108|-0.000|+0.000|+0.414|+0.000|+0.000|+0.000|+0.000|+0.000|-0.432|+0.000|+0.000|+0.000|+0.000|+0.000|+0.000|+0.000|
095:+0.055|+0.000|+0.108|+0.540|-0.000|+0.000|-0.414|+0.000|+0.000|+0.000|+0.000|+0.000|-0.432|+0.000|+0.000|+0.000|+0.000|+0.000|+0.000|+0.000|
096:+0.487|+0.000|-0.306|+0.108|-0.000|+0.000|-0.414|+0.000|+0.000|+0.000|+0.000|+0.000|+0.432|+0.000|+0.000|+0.000|+0.000|+0.000|+0.000|+0.000|
097:+0.901|+0.000|+0.108|-0.324|-0.000|+0.000|+0.414|+0.000|+0.000|+0.000|+0.000|+0.000|+0.450|+0.000|+0.000|+0.000|+0.000|+0.000|+0.000|+0.000|
098:+0.469|+0.000|+0.540|+0.108|-0.000|+0.000|+0.432|+0.000|+0.000|+0.000|+0.000|+0.000|-0.450|+0.000|+0.000|+0.000|+0.000|+0.000|+0.000|+0.000|
099:+0.037|+0.000|+0.108|+0.558|-0.000|+0.000|-0.432|+0.000|+0.000|+0.000|+0.000|+0.000|-0.450|+0.000|+0.000|+0.000|+0.000|+0.000|+0.000|+0.000|
100:+0.487|+0.000|-0.324|+0.108|-0.000|+0.000|-0.432|+0.000|+0.000|+0.000|+0.000|+0.000|+0.450|+0.000|+0.000|+0.000|+0.000|+0.000|+0.000|+0.000|
101:+0.919|+0.000|+0.108|-0.342|+0.000|+0.000|+0.432|+0.000|+0.000|+0.000|+0.000|+0.000|+0.468|+0.000|+0.000|+0.000|+0.000|+0.000|+0.000|+0.000|
102:+0.469|+0.000|+0.558|+0.108|+0.000|+0.000|+0.450|+0.000|+0.000|+0.000|+0.000|+0.000|-0.468|+0.000|+0.000|+0.000|+0.000|+0.000|+0.000|+0.000|
103:+0.019|+0.000|+0.108|+0.576|+0.000|+0.000|-0.450|+0.000|+0.000|+0.000|+0.000|+0.000|-0.468|+0.000|+0.000|+0.000|+0.000|+0.000|+0.000|+0.000|
104:+0.487|+0.000|-0.342|+0.108|+0.000|+0.000|-0.450|+0.000|+0.000|+0.000|+0.000|+0.000|+0.468|+0.000|+0.000|+0.000|+0.000|+0.000|+0.000|+0.000|
105:+0.937|+0.000|+0.108|-0.360|+0.000|+0.000|+0.450|+0.000|+0.000|+0.000|+0.000|+0.000|+0.486|+0.000|+0.000|+0.000|+0.000|+0.000|+0.000|+0.000|
106:+0.469|+0.000|+0.576|+0.108|+0.000|+0.000|+0.468|+0.000|+0.000|+0.000|+0.000|+0.000|-0.486|+0.000|+0.000|+0.000|+0.000|+0.000|+0.000|+0.000|
107:+0.001|+0.000|+0.108|+0.594|+0.000|+0.000|-0.468|+0.000|+0.000|+0.000|+0.000|+0.000|-0.486|+0.000|+0.000|+0.000|+0.000|+0.000|+0.000|+0.000|
108:+0.487|+0.000|-0.360|+0.108|+0.000|+0.000|-0.468|+0.000|+0.000|+0.000|+0.000|+0.000|+0.486|+0.000|+0.000|+0.000|+0.000|+0.000|+0.000|+0.000|
109:+0.955|+0.000|+0.108|-0.378|+0.000|+0.000|+0.468|+0.000|+0.000|+0.000|+0.000|+0.000|+0.504|+0.000|+0.000|+0.000|+0.000|+0.000|+0.000|+0.000|
110:+0.469|+0.000|+0.594|+0.108|+0.000|+0.000|+0.486|+0.000|+0.000|+0.000|+0.000|+0.000|-0.504|+0.000|+0.000|+0.000|+0.000|+0.000|+0.000|+0.000|
111:-0.017|+0.000|+0.108|+0.612|+0.000|+0.000|-0.486|+0.000|+0.000|+0.000|+0.000|+0.000|-0.504|+0.000|+0.000|+0.000|+0.000|+0.000|+0.000|+0.000|
112:+0.488|+0.000|-0.378|+0.108|+0.000|+0.000|-0.486|+0.000|+0.000|+0.000|+0.000|+0.000|+0.504|+0.000|+0.000|+0.000|+0.000|+0.000|+0.000|+0.000|
113:+0.973|+0.000|+0.108|-0.396|+0.000|+0.000|+0.486|+0.000|+0.000|+0.000|+0.000|+0.000|+0.522|+0.000|+0.000|+0.000|+0.000|+0.000|+0.000|+0.000|
114:+0.470|+0.000|+0.612|+0.108|+0.000|+0.000|+0.504|+0.000|+0.000|+0.000|+0.000|+0.000|-0.522|+0.000|+0.000|+0.000|+0.000|+0.000|+0.000|+0.000|
115:-0.034|+0.000|+0.108|+0.630|+0.000|+0.000|-0.504|+0.000|+0.000|+0.000|+0.000|+0.000|-0.522|+0.000|+0.000|+0.000|+0.000|+0.000|+0.000|+0.000|
116:+0.488|+0.000|-0.396|+0.108|+0.000|+0.000|-0.504|+0.000|+0.000|+0.000|+0.000|+0.000|+0.522|+0.000|+0.000|+0.000|+0.000|+0.000|+0.000|+0.000|
117:+0.992|+0.000|+0.108|-0.414|+0.000|+0.000|+0.504|+0.000|+0.000|+0.000|+0.000|+0.000|+0.540|+0.000|+0.000|+0.000|+0.000|+0.000|+0.000|+0.000|
118:+0.470|+0.000|+0.630|+0.108|+0.000|+0.000|+0.522|+0.000|+0.000|+0.000|+0.000|+0.000|-0.540|+0.000|+0.000|+0.000|+0.000|+0.000|+0.000|+0.000|
119:-0.053|+0.000|+0.108|+0.648|+0.000|+0.000|-0.522|+0.000|+0.000|+0.000|+0.000|+0.000|-0.540|+0.000|+0.000|+0.000|+0.000|+0.000|+0.000|+0.000|
120:+0.488|+0.000|-0.414|+0.108|+0.000|+0.000|-0.522|+0.000|+0.000|+0.000|+0.000|+0.000|+0.540|+0.000|+0.000|+0.000|+0.000|+0.000|+0.000|+0.000|
121:+1.009|+0.000|+0.108|-0.432|+0.000|+0.000|+0.522|+0.000|+0.000|+0.000|+0.000|+0.000|+0.558|+0.000|+0.000|+0.000|+0.000|+0.000|+0.000|+0.000|
122:+0.470|+0.000|+0.648|+0.108|+0.000|+0.000|+0.540|+0.000|+0.000|+0.000|+0.000|+0.000|-0.558|+0.000|+0.000|+0.000|+0.000|+0.000|+0.000|+0.000|
123:-0.071|+0.000|+0.108|+0.666|+0.000|+0.000|-0.540|+0.000|+0.000|+0.000|+0.000|+0.000|-0.558|+0.000|+0.000|+0.000|+0.000|+0.000|+0.000|+0.000|
124:+0.487|+0.000|-0.432|+0.108|+0.000|+0.000|-0.540|+0.000|+0.000|+0.000|+0.000|+0.000|+0.558|+0.000|+0.000|+0.000|+0.000|+0.000|+0.000|+0.000|
125:+1.027|+0.000|+0.108|-0.450|+0.000|+0.000|+0.540|+0.000|+0.000|+0.000|+0.000|+0.000|+0.576|+0.000|+0.000|+0.000|+0.000|+0.000|+0.000|+0.000|
126:+0.469|+0.000|+0.666|+0.108|+0.000|+0.000|+0.558|+0.000|+0.000|+0.000|+0.000|+0.000|-0.576|+0.000|+0.000|+0.000|+0.000|+0.000|+0.000|+0.000|
127:-0.089|+0.000|+0.108|+0.684|+0.000|+0.000|-0.558|+0.000|+0.000|+0.000|+0.000|+0.000|-0.576|+0.000|+0.000|+0.000|+0.000|+0.000|+0.000|+0.000|
128:+0.487|+0.000|-0.450|+0.108|+0.000|+0.000|-0.558|+0.000|+0.000|+0.000|+0.000|+0.000|+0.576|+0.000|+0.000|+0.000|+0.000|+0.000|+0.000|+0.000|
129:+1.045|+0.000|+0.108|-0.468|+0.000|+0.000|+0.558|+0.000|+0.000|+0.000|+0.000|+0.000|+0.594|+0.000|+0.000|+0.000|+0.000|+0.000|+0.000|+0.000|
130:+0.469|+0.000|+0.684|+0.108|+0.000|+0.000|+0.576|+0.000|+0.000|+0.000|+0.000|+0.000|-0.594|+0.000|+0.000|+0.000|+0.000|+0.000|+0.000|+0.000|
131:-0.107|+0.000|+0.108|+0.702|+0.000|+0.000|-0.576|+0.000|+0.000|+0.000|+0.000|+0.000|-0.594|+0.000|+0.000|+0.000|+0.000|+0.000|+0.000|+0.000|
132:+0.487|+0.000|-0.468|+0.108|+0.000|+0.000|-0.576|+0.000|+0.000|+0.000|+0.000|+0.000|+0.594|+0.000|+0.000|+0.000|+0.000|+0.000|+0.000|+0.000|
133:+1.063|+0.000|+0.108|-0.486|+0.000|+0.000|+0.576|+0.000|+0.000|+0.000|+0.000|+0.000|+0.612|+0.000|+0.000|+0.000|+0.000|+0.000|+0.000|+0.000|
134:+0.469|+0.000|+0.702|+0.108|+0.000|+0.000|+0.594|+0.000|+0.000|+0.000|+0.000|+0.000|-0.612|+0.000|+0.000|+0.000|+0.000|+0.000|+0.000|+0.000|
135:-0.125|+0.000|+0.108|+0.720|+0.000|+0.000|-0.594|+0.000|+0.000|+0.000|+0.000|+0.000|-0.612|+0.000|+0.000|+0.000|+0.000|+0.000|+0.000|+0.000|
136:+0.487|+0.000|-0.486|+0.108|+0.000|+0.000|-0.594|+0.000|+0.000|+0.000|+0.000|+0.000|+0.612|+0.000|+0.000|+0.000|+0.000|+0.000|+0.000|+0.000|
137:+1.081|+0.000|+0.108|-0.504|+0.000|+0.000|+0.594|+0.000|+0.000|+0.000|+0.000|+0.000|+0.630|+0.000|+0.000|+0.000|+0.000|+0.000|+0.000|+0.000|
138:+0.469|+0.000|+0.720|+0.108|+0.000|+0.000|+0.612|+0.000|+0.000|+0.000|+0.000|+0.000|-0.630|+0.000|+0.000|+0.000|+0.000|+0.000|+0.000|+0.000|
139:-0.143|+0.000|+0.108|+0.738|+0.000|+0.000|-0.612|+0.000|+0.000|+0.000|+0.000|+0.000|-0.630|+0.000|+0.000|+0.000|+0.000|+0.000|+0.000|+0.000|
140:+0.487|+0.000|-0.504|+0.108|+0.000|+0.000|-0.612|+0.000|+0.000|+0.000|+0.000|+0.000|+0.630|+0.000|+0.000|+0.000|+0.000|+0.000|+0.000|+0.000|
141:+1.098|+0.000|+0.108|-0.522|+0.000|+0.000|+0.612|+0.000|+0.000|+0.000|+0.000|+0.000|+0.648|+0.000|+0.000|+0.000|+0.000|+0.000|+0.000|+0.000|
142:+0.468|+0.000|+0.738|+0.108|+0.000|+0.000|+0.630|+0.000|+0.000|+0.000|+0.000|+0.000|-0.648|+0.000|+0.000|+0.000|+0.000|+0.000|+0.000|+0.000|
143:-0.162|+0.000|+0.108|+0.756|+0.000|+0.000|-0.630|+0.000|+0.000|+0.000|+0.000|+0.000|-0.648|+0.000|+0.000|+0.000|+0.000|+0.000|+0.000|+0.000|
144:+0.486|+0.000|-0.521|+0.108|+0.000|+0.000|-0.630|+0.000|+0.000|+0.000|+0.000|+0.000|+0.648|+0.000|+0.000|+0.000|+0.000|+0.000|+0.000|+0.000|
145:+1.116|+0.000|+0.109|-0.539|+0.000|+0.000|+0.630|+0.000|+0.000|+0.000|+0.000|+0.000|+0.666|+0.000|+0.000|+0.000|+0.000|+0.000|+0.000|+0.000|
146:+0.468|+0.000|+0.757|+0.108|+0.000|+0.000|+0.648|+0.000|+0.000|+0.000|+0.000|+0.000|-0.666|+0.000|+0.000|+0.000|+0.000|+0.000|+0.000|+0.000|
147:-0.180|+0.000|+0.109|+0.775|+0.000|+0.000|-0.648|+0.000|+0.000|+0.000|+0.000|+0.000|-0.666|+0.000|+0.000|+0.000|+0.000|+0.000|+0.000|+0.000|
148:+0.486|+0.000|-0.539|+0.109|+0.000|+0.000|-0.648|+0.000|+0.000|+0.000|+0.000|+0.000|+0.666|+0.000|+0.000|+0.000|+0.000|+0.000|+0.000|+0.000|
149:+1.134|+0.000|+0.109|-0.557|+0.000|+0.000|+0.648|+0.000|+0.000|+0.000|+0.000|+0.000|+0.684|+0.000|+0.000|+0.000|+0.000|+0.000|+0.000|+0.000|
150:+0.468|+0.000|+0.775|+0.109|+0.000|+0.000|+0.666|+0.000|+0.000|+0.000|+0.000|+0.000|-0.684|+0.000|+0.000|+0.000|+0.000|+0.000|+0.000|+0.000|
151:-0.199|+0.000|+0.109|+0.793|+0.000|+0.000|-0.666|+0.000|+0.000|+0.000|+0.000|+0.000|-0.684|+0.000|+0.000|+0.000|+0.000|+0.000|+0.000|+0.000|
152:+0.485|+0.000|-0.557|+0.109|+0.000|+0.000|-0.666|+0.000|+0.000|+0.000|+0.000|+0.000|+0.684|+0.000|+0.000|+0.000|+0.000|+0.000|+0.000|+0.000|
153:+1.151|+0.000|+0.109|-0.575|+0.000|+0.000|+0.666|+0.000|+0.000|+0.000|+0.000|+0.000|+0.702|+0.000|+0.000|+0.000|+0.000|+0.000|+0.000|+0.000|
154:+0.467|+0.000|+0.793|+0.109|+0.000|+0.000|+0.684|+0.000|+0.000|+0.000|+0.000|+0.000|-0.702|+0.000|+0.000|+0.000|+0.000|+0.000|+0.000|+0.000|
155:-0.217|+0.000|+0.109|+0.811|+0.000|+0.000|-0.684|+0.000|+0.000|+0.000|+0.000|+0.000|-0.702|+0.000|+0.000|+0.000|+0.000|+0.000|+0.000|+0.000|
156:+0.485|+0.000|-0.575|+0.109|+0.000|+0.000|-0.684|+0.000|+0.000|+0.000|+0.000|+0.000|+0.702|+0.000|+0.000|+0.000|+0.000|+0.000|+0.000|+0.000|
157:+1.169|+0.000|+0.109|-0.593|+0.000|+0.000|+0.684|+0.000|+0.000|+0.000|+0.000|+0.000|+0.720|+0.000|+0.000|+0.000|+0.000|+0.000|+0.000|+0.000|
158:+0.467|+0.000|+0.811|+0.109|+0.000|+0.000|+0.702|+0.000|+0.000|+0.000|+0.000|+0.000|-0.720|+0.000|+0.000|+0.000|+0.000|+0.000|+0.000|+0.000|
159:-0.235|+0.000|+0.109|+0.829|+0.000|+0.000|-0.702|+0.000|+0.000|+0.000|+0.000|+0.000|-0.720|+0.000|+0.000|+0.000|+0.000|+0.000|+0.000|+0.000|
160:+0.484|+0.000|-0.593|+0.109|-0.000|+0.000|-0.702|+0.000|+0.000|+0.000|+0.000|+0.000|+0.720|+0.000|+0.000|+0.000|+0.000|+0.000|+0.000|+0.000|
161:+1.186|+0.000|+0.109|-0.611|-0.000|+0.000|+0.702|+0.000|+0.000|+0.000|+0.000|+0.000|+0.738|+0.000|+0.000|+0.000|+0.000|+0.000|+0.000|+0.000|
162:+0.466|+0.000|+0.829|+0.109|-0.000|+0.000|+0.720|+0.000|+0.000|+0.000|+0.000|+0.000|-0.738|+0.000|+0.000|+0.000|+0.000|+0.000|+0.000|+0.000|
163:-0.254|+0.000|+0.109|+0.847|-0.000|+0.000|-0.720|+0.000|+0.000|+0.000|+0.000|+0.000|-0.738|+0.000|+0.000|+0.000|+0.000|+0.000|+0.000|+0.000|
164:+0.484|+0.000|-0.610|+0.109|-0.000|+0.000|-0.720|+0.000|+0.000|+0.000|+0.000|+0.000|+0.738|+0.000|+0.000|+0.000|+0.000|+0.000|+0.000|+0.000|
165:+1.204|+0.000|+0.110|-0.629|-0.000|+0.000|+0.720|+0.000|+0.000|+0.000|+0.000|+0.000|+0.756|+0.000|+0.000|+0.000|+0.000|+0.000|+0.000|+0.000|
166:+0.466|+0.000|+0.848|+0.109|-0.000|+0.000|+0.738|+0.000|+0.000|+0.000|+0.000|+0.000|-0.756|+0.000|+0.000|+0.000|+0.000|+0.000|+0.000|+0.000|
167:-0.273|+0.000|+0.110|+0.866|-0.000|+0.000|-0.738|+0.000|+0.000|+0.000|+0.000|+0.000|-0.756|+0.000|+0.000|+0.000|+0.000|+0.000|+0.000|+0.000|
168:+0.483|+0.000|-0.628|+0.110|-0.000|+0.000|-0.738|+0.000|+0.000|+0.000|+0.000|+0.000|+0.756|+0.000|+0.000|+0.000|+0.000|+0.000|+0.000|+0.000|
169:+1.221|+0.000|+0.110|-0.646|-0.000|+0.000|+0.738|+0.000|+0.000|+0.000|+0.000|+0.000|+0.774|+0.000|+0.000|+0.000|+0.000|+0.000|+0.000|+0.000|
170:+0.465|+0.000|+0.866|+0.110|-0.000|+0.000|+0.756|+0.000|+0.000|+0.000|+0.000|+0.000|-0.774|+0.000|+0.000|+0.000|+0.000|+0.000|+0.000|+0.000|
171:-0.291|+0.000|+0.110|+0.884|-0.000|+0.000|-0.756|+0.000|+0.000|+0.000|+0.000|+0.000|-0.774|+0.000|+0.000|+0.000|+0.000|+0.000|+0.000|+0.000|
172:+0.483|+0.000|-0.646|+0.110|+0.000|+0.000|-0.756|+0.000|+0.000|+0.000|+0.000|+0.000|+0.774|+0.000|+0.000|+0.000|+0.000|+0.000|+0.000|+0.000|
173:+1.239|+0.000|+0.110|-0.664|+0.000|+0.000|+0.756|+0.000|+0.000|+0.000|+0.000|+0.000|+0.792|+0.000|+0.000|+0.000|+0.000|+0.000|+0.000|+0.000|
174:+0.465|+0.000|+0.884|+0.110|+0.000|+0.000|+0.774|+0.000|+0.000|+0.000|+0.000|+0.000|-0.792|+0.000|+0.000|+0.000|+0.000|+0.000|+0.000|+0.000|
175:-0.310|+0.000|+0.110|+0.902|+0.000|+0.000|-0.774|+0.000|+0.000|+0.000|+0.000|+0.000|-0.792|+0.000|+0.000|+0.000|+0.000|+0.000|+0.000|+0.000|
176:+0.482|+0.000|-0.664|+0.110|-0.000|+0.000|-0.774|+0.000|+0.000|+0.000|+0.000|+0.000|+0.792|+0.000|+0.000|+0.000|+0.000|+0.000|+0.000|+0.000|
177:+1.256|+0.000|+0.110|-0.682|+0.000|+0.000|+0.774|+0.000|+0.000|+0.000|+0.000|+0.000|+0.810|+0.000|+0.000|+0.000|+0.000|+0.000|+0.000|+0.000|
178:+0.464|+0.000|+0.902|+0.110|+0.000|+0.000|+0.792|+0.000|+0.000|+0.000|+0.000|+0.000|-0.810|+0.000|+0.000|+0.000|+0.000|+0.000|+0.000|+0.000|
179:-0.328|+0.000|+0.110|+0.920|+0.000|+0.000|-0.792|+0.000|+0.000|+0.000|+0.000|+0.000|-0.810|+0.000|+0.000|+0.000|+0.000|+0.000|+0.000|+0.000|
180:+0.482|+0.000|-0.681|+0.110|+0.000|+0.000|-0.792|+0.000|+0.000|+0.000|+0.000|+0.000|+0.810|+0.000|+0.000|+0.000|+0.000|+0.000|+0.000|+0.000|
181:+1.274|+0.000|+0.110|-0.700|+0.000|+0.000|+0.792|+0.000|+0.000|+0.000|+0.000|+0.000|+0.828|+0.000|+0.000|+0.000|+0.000|+0.000|+0.000|+0.000|
182:+0.464|+0.000|+0.921|+0.110|+0.000|+0.000|+0.810|+0.000|+0.000|+0.000|+0.000|+0.000|-0.828|+0.000|+0.000|+0.000|+0.000|+0.000|+0.000|+0.000|
183:-0.347|+0.000|+0.111|+0.939|+0.000|+0.000|-0.810|+0.000|+0.000|+0.000|+0.000|+0.000|-0.828|+0.000|+0.000|+0.000|+0.000|+0.000|+0.000|+0.000|
184:+0.481|+0.000|-0.699|+0.111|+0.000|+0.000|-0.810|+0.000|+0.000|+0.000|+0.000|+0.000|+0.828|+0.000|+0.000|+0.000|+0.000|+0.000|+0.000|+0.000|
185:+1.291|+0.000|+0.111|-0.717|+0.000|+0.000|+0.810|+0.000|+0.000|+0.000|+0.000|+0.000|+0.846|+0.000|+0.000|+0.000|+0.000|+0.000|+0.000|+0.000|
186:+0.463|+0.000|+0.939|+0.111|-0.000|+0.000|+0.828|+0.000|+0.000|+0.000|+0.000|+0.000|-0.846|+0.000|+0.000|+0.000|+0.000|+0.000|+0.000|+0.000|
187:-0.365|+0.000|+0.111|+0.957|-0.000|+0.000|-0.828|+0.000|+0.000|+0.000|+0.000|+0.000|-0.846|+0.000|+0.000|+0.000|+0.000|+0.000|+0.000|+0.000|
188:+0.481|+0.000|-0.717|+0.111|-0.000|+0.000|-0.828|+0.000|+0.000|+0.000|+0.000|+0.000|+0.846|+0.000|+0.000|+0.000|+0.000|+0.000|+0.000|+0.000|
189:+1.309|+0.000|+0.111|-0.735|-0.000|+0.000|+0.828|+0.000|+0.000|+0.000|+0.000|+0.000|+0.864|+0.000|+0.000|+0.000|+0.000|+0.000|+0.000|+0.000|
190:+0.463|+0.000|+0.957|+0.111|-0.000|+0.000|+0.846|+0.000|+0.000|+0.000|+0.000|+0.000|-0.864|+0.000|+0.000|+0.000|+0.000|+0.000|+0.000|+0.000|
191:-0.384|+0.000|+0.111|+0.975|-0.000|+0.000|-0.846|+0.000|+0.000|+0.000|+0.000|+0.000|-0.864|+0.000|+0.000|+0.000|+0.000|+0.000|+0.000|+0.000|
192:+0.480|+0.000|-0.735|+0.111|-0.000|+0.000|-0.846|+0.000|+0.000|+0.000|+0.000|+0.000|+0.864|+0.000|+0.000|+0.000|+0.000|+0.000|+0.000|+0.000|
193:+1.326|+0.000|+0.111|-0.753|-0.000|+0.000|+0.846|+0.000|+0.000|+0.000|+0.000|+0.000|+0.882|+0.000|+0.000|+0.000|+0.000|+0.000|+0.000|+0.000|
194:+0.462|+0.000|+0.975|+0.111|-0.000|+0.000|+0.864|+0.000|+0.000|+0.000|+0.000|+0.000|-0.882|+0.000|+0.000|+0.000|+0.000|+0.000|+0.000|+0.000|
195:-0.402|+0.000|+0.111|+0.993|-0.000|+0.000|-0.864|+0.000|+0.000|+0.000|+0.000|+0.000|-0.882|+0.000|+0.000|+0.000|+0.000|+0.000|+0.000|+0.000|
196:+0.480|+0.000|-0.753|+0.111|-0.000|+0.000|-0.864|+0.000|+0.000|+0.000|+0.000|+0.000|+0.882|+0.000|+0.000|+0.000|+0.000|+0.000|+0.000|+0.000|
197:+1.344|+0.000|+0.111|-0.771|-0.000|+0.000|+0.864|+0.000|+0.000|+0.000|+0.000|+0.000|+0.900|+0.000|+0.000|+0.000|+0.000|+0.000|+0.000|+0.000|
198:+0.462|+0.000|+0.993|+0.111|-0.000|+0.000|+0.882|+0.000|+0.000|+0.000|+0.000|+0.000|-0.900|+0.000|+0.000|+0.000|+0.000|+0.000|+0.000|+0.000|
199:-0.421|+0.000|+0.111|+1.011|-0.000|+0.000|-0.882|+0.000|+0.000|+0.000|+0.000|+0.000|-0.900|+0.000|+0.000|+0.000|+0.000|+0.000|+0.000|+0.000|
200:+0.479|+0.000|-0.770|+0.111|-0.000|+0.000|-0.882|+0.000|+0.000|+0.000|+0.000|+0.000|+0.900|+0.000|+0.000|+0.000|+0.000|+0.000|+0.000|+0.000|
201:+1.361|+0.000|+0.111|-0.789|+0.000|+0.000|+0.882|+0.000|+0.000|+0.000|+0.000|+0.000|+0.918|+0.000|+0.000|+0.000|+0.000|+0.000|+0.000|+0.000|
202:+0.461|+0.000|+1.012|+0.111|+0.000|+0.000|+0.900|+0.000|+0.000|+0.000|+0.000|+0.000|-0.918|+0.000|+0.000|+0.000|+0.000|+0.000|+0.000|+0.000|
203:-0.439|+0.000|+0.112|+1.030|+0.000|+0.000|-0.900|+0.000|+0.000|+0.000|+0.000|+0.000|-0.918|+0.000|+0.000|+0.000|+0.000|+0.000|+0.000|+0.000|
204:+0.479|+0.000|-0.788|+0.112|+0.000|+0.000|-0.900|+0.000|+0.000|+0.000|+0.000|+0.000|+0.918|+0.000|+0.000|+0.000|+0.000|+0.000|+0.000|+0.000|
205:+1.379|+0.000|+0.112|-0.806|+0.000|+0.000|+0.900|+0.000|+0.000|+0.000|+0.000|+0.000|+0.936|+0.000|+0.000|+0.000|+0.000|+0.000|+0.000|+0.000|
206:+0.461|+0.000|+1.030|+0.112|+0.000|+0.000|+0.918|+0.000|+0.000|+0.000|+0.000|+0.000|-0.936|+0.000|+0.000|+0.000|+0.000|+0.000|+0.000|+0.000|
207:-0.457|+0.000|+0.112|+1.048|+0.000|+0.000|-0.918|+0.000|+0.000|+0.000|+0.000|+0.000|-0.936|+0.000|+0.000|+0.000|+0.000|+0.000|+0.000|+0.000|
208:+0.479|+0.000|-0.806|+0.112|+0.000|+0.000|-0.918|+0.000|+0.000|+0.000|+0.000|+0.000|+0.936|+0.000|+0.000|+0.000|+0.000|+0.000|+0.000|+0.000|
209:+1.396|+0.000|+0.112|-0.824|+0.000|+0.000|+0.918|+0.000|+0.000|+0.000|+0.000|+0.000|+0.954|+0.000|+0.000|+0.000|+0.000|+0.000|+0.000|+0.000|
210:+0.460|+0.000|+1.048|+0.112|+0.000|+0.000|+0.936|+0.000|+0.000|+0.000|+0.000|+0.000|-0.954|+0.000|+0.000|+0.000|+0.000|+0.000|+0.000|+0.000|
211:-0.476|+0.000|+0.112|+1.066|+0.000|+0.000|-0.936|+0.000|+0.000|+0.000|+0.000|+0.000|-0.954|+0.000|+0.000|+0.000|+0.000|+0.000|+0.000|+0.000|
212:+0.478|+0.000|-0.824|+0.112|+0.000|+0.000|-0.936|+0.000|+0.000|+0.000|+0.000|+0.000|+0.954|+0.000|+0.000|+0.000|+0.000|+0.000|+0.000|+0.000|
213:+1.414|+0.000|+0.112|-0.842|+0.000|+0.000|+0.936|+0.000|+0.000|+0.000|+0.000|+0.000|+0.972|+0.000|+0.000|+0.000|+0.000|+0.000|+0.000|+0.000|
214:+0.460|+0.000|+1.066|+0.112|+0.000|+0.000|+0.954|+0.000|+0.000|+0.000|+0.000|+0.000|-0.972|+0.000|+0.000|+0.000|+0.000|+0.000|+0.000|+0.000|
215:-0.494|+0.000|+0.112|+1.084|+0.000|+0.000|-0.954|+0.000|+0.000|+0.000|+0.000|+0.000|-0.972|+0.000|+0.000|+0.000|+0.000|+0.000|+0.000|+0.000|
216:+0.478|+0.000|-0.842|+0.112|+0.000|+0.000|-0.954|+0.000|+0.000|+0.000|+0.000|+0.000|+0.972|+0.000|+0.000|+0.000|+0.000|+0.000|+0.000|+0.000|
217:+1.432|+0.000|+0.112|-0.860|+0.000|+0.000|+0.954|+0.000|+0.000|+0.000|+0.000|+0.000|+0.990|+0.000|+0.000|+0.000|+0.000|+0.000|+0.000|+0.000|
218:+0.460|+0.000|+1.084|+0.112|+0.000|+0.000|+0.972|+0.000|+0.000|+0.000|+0.000|+0.000|-0.990|+0.000|+0.000|+0.000|+0.000|+0.000|+0.000|+0.000|
219:-0.512|+0.000|+0.112|+1.102|+0.000|+0.000|-0.972|+0.000|+0.000|+0.000|+0.000|+0.000|-0.990|+0.000|+0.000|+0.000|+0.000|+0.000|+0.000|+0.000|
220:+0.478|+0.000|-0.860|+0.112|+0.000|+0.000|-0.972|+0.000|+0.000|+0.000|+0.000|+0.000|+0.990|+0.000|+0.000|+0.000|+0.000|+0.000|+0.000|+0.000|
221:+1.450|+0.000|+0.112|-0.878|+0.000|+0.000|+0.972|+0.000|+0.000|+0.000|+0.000|+0.000|+1.008|+0.000|+0.000|+0.000|+0.000|+0.000|+0.000|+0.000|
222:+0.460|+0.000|+1.102|+0.112|+0.000|+0.000|+0.990|+0.000|+0.000|+0.000|+0.000|+0.000|-1.008|+0.000|+0.000|+0.000|+0.000|+0.000|+0.000|+0.000|
223:-0.530|+0.000|+0.112|+1.120|+0.000|+0.000|-0.990|+0.000|+0.000|+0.000|+0.000|+0.000|-1.008|+0.000|+0.000|+0.000|+0.000|+0.000|+0.000|+0.000|
224:+0.478|+0.000|-0.878|+0.112|+0.000|+0.000|-0.990|+0.000|+0.000|+0.000|+0.000|+0.000|+1.008|+0.000|+0.000|+0.000|+0.000|+0.000|+0.000|+0.000|
225:+1.468|+0.000|+0.112|-0.896|+0.000|+0.000|+0.990|+0.000|+0.000|+0.000|+0.000|+0.000|+1.026|+0.000|+0.000|+0.000|+0.000|+0.000|+0.000|+0.000|
226:+0.460|+0.000|+1.120|+0.112|+0.000|+0.000|+1.008|+0.000|+0.000|+0.000|+0.000|+0.000|-1.026|+0.000|+0.000|+0.000|+0.000|+0.000|+0.000|+0.000|
227:-0.548|+0.000|+0.112|+1.138|+0.000|+0.000|-1.008|+0.000|+0.000|+0.000|+0.000|+0.000|-1.026|+0.000|+0.000|+0.000|+0.000|+0.000|+0.000|+0.000|
228:+0.478|+0.000|-0.896|+0.112|+0.000|+0.000|-1.008|+0.000|+0.000|+0.000|+0.000|+0.000|+1.026|+0.000|+0.000|+0.000|+0.000|+0.000|+0.000|+0.000|
229:+1.486|+0.000|+0.112|-0.914|+0.000|+0.000|+1.008|+0.000|+0.000|+0.000|+0.000|+0.000|+1.044|+0.000|+0.000|+0.000|+0.000|+0.000|+0.000|+0.000|
230:+0.460|+0.000|+1.138|+0.112|+0.000|+0.000|+1.026|+0.000|+0.000|+0.000|+0.000|+0.000|-1.044|+0.000|+0.000|+0.000|+0.000|+0.000|+0.000|+0.000|
231:-0.566|+0.000|+0.112|+1.156|+0.000|+0.000|-1.026|+0.000|+0.000|+0.000|+0.000|+0.000|-1.044|+0.000|+0.000|+0.000|+0.000|+0.000|+0.000|+0.000|
232:+0.478|+0.000|-0.914|+0.112|+0.000|+0.000|-1.026|+0.000|+0.000|+0.000|+0.000|+0.000|+1.044|+0.000|+0.000|+0.000|+0.000|+0.000|+0.000|+0.000|
233:+1.504|+0.000|+0.112|-0.932|+0.000|+0.000|+1.026|+0.000|+0.000|+0.000|+0.000|+0.000|+1.062|+0.000|+0.000|+0.000|+0.000|+0.000|+0.000|+0.000|
234:+0.460|+0.000|+1.156|+0.112|+0.000|+0.000|+1.044|+0.000|+0.000|+0.000|+0.000|+0.000|-1.062|+0.000|+0.000|+0.000|+0.000|+0.000|+0.000|+0.000|
235:-0.584|+0.000|+0.112|+1.174|+0.000|+0.000|-1.044|+0.000|+0.000|+0.000|+0.000|+0.000|-1.062|+0.000|+0.000|+0.000|+0.000|+0.000|+0.000|+0.000|
236:+0.478|+0.000|-0.932|+0.112|+0.000|+0.000|-1.044|+0.000|+0.000|+0.000|+0.000|+0.000|+1.062|+0.000|+0.000|+0.000|+0.000|+0.000|+0.000|+0.000|
237:+1.522|+0.000|+0.112|-0.950|+0.000|+0.000|+1.044|+0.000|+0.000|+0.000|+0.000|+0.000|+1.080|+0.000|+0.000|+0.000|+0.000|+0.000|+0.000|+0.000|
238:+0.460|+0.000|+1.174|+0.112|+0.000|+0.000|+1.062|+0.000|+0.000|+0.000|+0.000|+0.000|-1.080|+0.000|+0.000|+0.000|+0.000|+0.000|+0.000|+0.000|
239:-0.602|+0.000|+0.112|+1.192|+0.000|+0.000|-1.062|+0.000|+0.000|+0.000|+0.000|+0.000|-1.080|+0.000|+0.000|+0.000|+0.000|+0.000|+0.000|+0.000|
240:+0.478|+0.000|-0.950|+0.112|+0.000|+0.000|-1.062|+0.000|+0.000|+0.000|+0.000|+0.000|+1.080|+0.000|+0.000|+0.000|+0.000|+0.000|+0.000|+0.000|
241:+1.540|+0.000|+0.112|-0.968|+0.000|+0.000|+1.062|+0.000|+0.000|+0.000|+0.000|+0.000|+1.098|+0.000|+0.000|+0.000|+0.000|+0.000|+0.000|+0.000|
242:+0.460|+0.000|+1.192|+0.112|+0.000|+0.000|+1.080|+0.000|+0.000|+0.000|+0.000|+0.000|-1.098|+0.000|+0.000|+0.000|+0.000|+0.000|+0.000|+0.000|
243:-0.620|+0.000|+0.112|+1.210|+0.000|+0.000|-1.080|+0.000|+0.000|+0.000|+0.000|+0.000|-1.098|+0.000|+0.000|+0.000|+0.000|+0.000|+0.000|+0.000|
244:+0.478|+0.000|-0.968|+0.112|+0.000|+0.000|-1.080|+0.000|+0.000|+0.000|+0.000|+0.000|+1.098|+0.000|+0.000|+0.000|+0.000|+0.000|+0.000|+0.000|
245:+1.558|+0.000|+0.112|-0.986|+0.000|+0.000|+1.080|+0.000|+0.000|+0.000|+0.000|+0.000|+1.116|+0.000|+0.000|+0.000|+0.000|+0.000|+0.000|+0.000|
246:+0.460|+0.000|+1.210|+0.112|+0.000|+0.000|+1.098|+0.000|+0.000|+0.000|+0.000|+0.000|-1.116|+0.000|+0.000|+0.000|+0.000|+0.000|+0.000|+0.000|
247:-0.638|+0.000|+0.112|+1.228|+0.000|+0.000|-1.098|+0.000|+0.000|+0.000|+0.000|+0.000|-1.116|+0.000|+0.000|+0.000|+0.000|+0.000|+0.000|+0.000|
248:+0.478|+0.000|-0.986|+0.112|+0.000|+0.000|-1.098|+0.000|+0.000|+0.000|+0.000|+0.000|+1.116|+0.000|+0.000|+0.000|+0.000|+0.000|+0.000|+0.000|
249:+1.576|+0.000|+0.112|-1.004|+0.000|+0.000|+1.098|+0.000|+0.000|+0.000|+0.000|+0.000|+1.134|+0.000|+0.000|+0.000|+0.000|+0.000|+0.000|+0.000|
250:+0.460|+0.000|+1.228|+0.112|+0.000|+0.000|+1.116|+0.000|+0.000|+0.000|+0.000|+0.000|-1.134|+0.000|+0.000|+0.000|+0.000|+0.000|+0.000|+0.000|
251:-0.656|+0.000|+0.112|+1.246|+0.000|+0.000|-1.116|+0.000|+0.000|+0.000|+0.000|+0.000|-1.134|+0.000|+0.000|+0.000|+0.000|+0.000|+0.000|+0.000|
252:+0.478|+0.000|-1.004|+0.112|+0.000|+0.000|-1.116|+0.000|+0.000|+0.000|+0.000|+0.000|+1.134|+0.000|+0.000|+0.000|+0.000|+0.000|+0.000|+0.000|
253:+1.594|+0.000|+0.112|-1.022|+0.000|+0.000|+1.116|+0.000|+0.000|+0.000|+0.000|+0.000|+1.152|+0.000|+0.000|+0.000|+0.000|+0.000|+0.000|+0.000|
254:+0.461|+0.000|+1.246|+0.112|+0.000|+0.000|+1.134|+0.000|+0.000|+0.000|+0.000|+0.000|-1.152|+0.000|+0.000|+0.000|+0.000|+0.000|+0.000|+0.000|
255:-0.673|+0.000|+0.112|+1.264|+0.000|+0.000|-1.134|+0.000|+0.000|+0.000|+0.000|+0.000|-1.152|+0.000|+0.000|+0.000|+0.000|+0.000|+0.000|+0.000|
256:+0.479|+0.000|-1.022|+0.112|+0.000|+0.000|-1.134|+0.000|+0.000|+0.000|+0.000|+0.000|+1.152|+0.000|+0.000|+0.000|+0.000|+0.000|+0.000|+0.000|
257:+1.613|+0.000|+0.112|-1.040|+0.000|+0.000|+1.134|+0.000|+0.000|+0.000|+0.000|+0.000|+1.170|+0.000|+0.000|+0.000|+0.000|+0.000|+0.000|+0.000|
258:+0.461|+0.000|+1.264|+0.112|+0.000|+0.000|+1.152|+0.000|+0.000|+0.000|+0.000|+0.000|-1.170|+0.000|+0.000|+0.000|+0.000|+0.000|+0.000|+0.000|
259:-0.691|+0.000|+0.111|+1.282|+0.000|+0.000|-1.152|+0.000|+0.000|+0.000|+0.000|+0.000|-1.170|+0.000|+0.000|+0.000|+0.000|+0.000|+0.000|+0.000|
260:+0.479|+0.000|-1.040|+0.112|+0.000|+0.000|-1.152|+0.000|+0.000|+0.000|+0.000|+0.000|+1.170|+0.000|+0.000|+0.000|+0.000|+0.000|+0.000|+0.000|
261:+1.631|+0.000|+0.111|-1.058|+0.000|+0.000|+1.152|+0.000|+0.000|+0.000|+0.000|+0.000|+1.188|+0.000|+0.000|+0.000|+0.000|+0.000|+0.000|+0.000|
262:+0.461|+0.000|+1.281|+0.111|+0.000|+0.000|+1.170|+0.000|+0.000|+0.000|+0.000|+0.000|-1.188|+0.000|+0.000|+0.000|+0.000|+0.000|+0.000|+0.000|
263:-0.709|+0.000|+0.111|+1.300|+0.000|+0.000|-1.170|+0.000|+0.000|+0.000|+0.000|+0.000|-1.188|+0.000|+0.000|+0.000|+0.000|+0.000|+0.000|+0.000|
264:+0.480|+0.000|-1.059|+0.111|+0.000|+0.000|-1.170|+0.000|+0.000|+0.000|+0.000|+0.000|+1.188|+0.000|+0.000|+0.000|+0.000|+0.000|+0.000|+0.000|
265:+1.650|+0.000|+0.111|-1.077|+0.000|+0.000|+1.170|+0.000|+0.000|+0.000|+0.000|+0.000|+1.206|+0.000|+0.000|+0.000|+0.000|+0.000|+0.000|+0.000|
266:+0.462|+0.000|+1.299|+0.111|+0.000|+0.000|+1.188|+0.000|+0.000|+0.000|+0.000|+0.000|-1.206|+0.000|+0.000|+0.000|+0.000|+0.000|+0.000|+0.000|
267:-0.726|+0.000|+0.111|+1.317|+0.000|+0.000|-1.188|+0.000|+0.000|+0.000|+0.000|+0.000|-1.206|+0.000|+0.000|+0.000|+0.000|+0.000|+0.000|+0.000|
268:+0.480|+0.000|-1.077|+0.111|+0.000|+0.000|-1.188|+0.000|+0.000|+0.000|+0.000|+0.000|+1.206|+0.000|+0.000|+0.000|+0.000|+0.000|+0.000|+0.000|
269:+1.668|+0.000|+0.111|-1.095|+0.000|+0.000|+1.188|+0.000|+0.000|+0.000|+0.000|+0.000|+1.224|+0.000|+0.000|+0.000|+0.000|+0.000|+0.000|+0.000|
270:+0.462|+0.000|+1.317|+0.111|+0.000|+0.000|+1.206|+0.000|+0.000|+0.000|+0.000|+0.000|-1.224|+0.000|+0.000|+0.000|+0.000|+0.000|+0.000|+0.000|
271:-0.744|+0.000|+0.111|+1.335|+0.000|+0.000|-1.206|+0.000|+0.000|+0.000|+0.000|+0.000|-1.224|+0.000|+0.000|+0.000|+0.000|+0.000|+0.000|+0.000|
272:+0.481|+0.000|-1.095|+0.111|+0.000|+0.000|-1.206|+0.000|+0.000|+0.000|+0.000|+0.000|+1.224|+0.000|+0.000|+0.000|+0.000|+0.000|+0.000|+0.000|
273:+1.687|+0.000|+0.111|-1.113|+0.000|+0.000|+1.206|+0.000|+0.000|+0.000|+0.000|+0.000|+1.242|+0.000|+0.000|+0.000|+0.000|+0.000|+0.000|+0.000|
274:+0.463|+0.000|+1.335|+0.111|+0.000|+0.000|+1.224|+0.000|+0.000|+0.000|+0.000|+0.000|-1.242|+0.000|+0.000|+0.000|+0.000|+0.000|+0.000|+0.000|
275:-0.761|+0.000|+0.111|+1.353|+0.000|+0.000|-1.224|+0.000|+0.000|+0.000|+0.000|+0.000|-1.242|+0.000|+0.000|+0.000|+0.000|+0.000|+0.000|+0.000|
276:+0.481|+0.000|-1.113|+0.111|+0.000|+0.000|-1.224|+0.000|+0.000|+0.000|+0.000|+0.000|+1.242|+0.000|+0.000|+0.000|+0.000|+0.000|+0.000|+0.000|
277:+1.705|+0.000|+0.111|-1.131|+0.000|+0.000|+1.224|+0.000|+0.000|+0.000|+0.000|+0.000|+1.260|+0.000|+0.000|+0.000|+0.000|+0.000|+0.000|+0.000|
278:+0.463|+0.000|+1.353|+0.111|+0.000|+0.000|+1.242|+0.000|+0.000|+0.000|+0.000|+0.000|-1.260|+0.000|+0.000|+0.000|+0.000|+0.000|+0.000|+0.000|
279:-0.779|+0.000|+0.110|+1.371|+0.000|+0.000|-1.242|+0.000|+0.000|+0.000|+0.000|+0.000|-1.260|+0.000|+0.000|+0.000|+0.000|+0.000|+0.000|+0.000|
280:+0.482|+0.000|-1.132|+0.110|+0.000|+0.000|-1.242|+0.000|+0.000|+0.000|+0.000|+0.000|+1.260|+0.000|+0.000|+0.000|+0.000|+0.000|+0.000|+0.000|
281:+1.724|+0.000|+0.110|-1.149|+0.000|+0.000|+1.242|+0.000|+0.000|+0.000|+0.000|+0.000|+1.278|+0.000|+0.000|+0.000|+0.000|+0.000|+0.000|+0.000|
282:+0.464|+0.000|+1.370|+0.110|+0.000|+0.000|+1.260|+0.000|+0.000|+0.000|+0.000|+0.000|-1.278|+0.000|+0.000|+0.000|+0.000|+0.000|+0.000|+0.000|
283:-0.796|+0.000|+0.110|+1.388|+0.000|+0.000|-1.260|+0.000|+0.000|+0.000|+0.000|+0.000|-1.278|+0.000|+0.000|+0.000|+0.000|+0.000|+0.000|+0.000|
284:+0.482|+0.000|-1.150|+0.110|+0.000|+0.000|-1.260|+0.000|+0.000|+0.000|+0.000|+0.000|+1.278|+0.000|+0.000|+0.000|+0.000|+0.000|+0.000|+0.000|
285:+1.742|+0.000|+0.110|-1.168|+0.000|+0.000|+1.260|+0.000|+0.000|+0.000|+0.000|+0.000|+1.296|+0.000|+0.000|+0.000|+0.000|+0.000|+0.000|+0.000|
286:+0.464|+0.000|+1.388|+0.110|+0.000|+0.000|+1.278|+0.000|+0.000|+0.000|+0.000|+0.000|-1.296|+0.000|+0.000|+0.000|+0.000|+0.000|+0.000|+0.000|
287:-0.814|+0.000|+0.110|+1.406|+0.000|+0.000|-1.278|+0.000|+0.000|+0.000|+0.000|+0.000|-1.296|+0.000|+0.000|+0.000|+0.000|+0.000|+0.000|+0.000|
288:+0.483|+0.000|-1.168|+0.110|+0.000|+0.000|-1.278|+0.000|+0.000|+0.000|+0.000|+0.000|+1.296|+0.000|+0.000|+0.000|+0.000|+0.000|+0.000|+0.000|
289:+1.761|+0.000|+0.110|-1.186|+0.000|+0.000|+1.278|+0.000|+0.000|+0.000|+0.000|+0.000|+1.314|+0.000|+0.000|+0.000|+0.000|+0.000|+0.000|+0.000|
290:+0.465|+0.000|+1.406|+0.110|+0.000|+0.000|+1.296|+0.000|+0.000|+0.000|+0.000|+0.000|-1.314|+0.000|+0.000|+0.000|+0.000|+0.000|+0.000|+0.000|
291:-0.831|+0.000|+0.110|+1.424|+0.000|+0.000|-1.296|+0.000|+0.000|+0.000|+0.000|+0.000|-1.314|+0.000|+0.000|+0.000|+0.000|+0.000|+0.000|+0.000|
292:+0.483|+0.000|-1.186|+0.110|+0.000|+0.000|-1.296|+0.000|+0.000|+0.000|+0.000|+0.000|+1.314|+0.000|+0.000|+0.000|+0.000|+0.000|+0.000|+0.000|
293:+1.779|+0.000|+0.110|-1.204|+0.000|+0.000|+1.296|+0.000|+0.000|+0.000|+0.000|+0.000|+1.332|+0.000|+0.000|+0.000|+0.000|+0.000|+0.000|+0.000|
294:+0.466|+0.000|+1.424|+0.110|+0.000|+0.000|+1.314|+0.000|+0.000|+0.000|+0.000|+0.000|-1.332|+0.000|+0.000|+0.000|+0.000|+0.000|+0.000|+0.000|
295:-0.848|+0.000|+0.109|+1.442|+0.000|+0.000|-1.314|+0.000|+0.000|+0.000|+0.000|+0.000|-1.332|+0.000|+0.000|+0.000|+0.000|+0.000|+0.000|+0.000|
296:+0.484|+0.000|-1.204|+0.110|+0.000|+0.000|-1.314|+0.000|+0.000|+0.000|+0.000|+0.000|+1.332|+0.000|+0.000|+0.000|+0.000|+0.000|+0.000|+0.000|
297:+1.798|+0.000|+0.109|-1.222|+0.000|+0.000|+1.314|+0.000|+0.000|+0.000|+0.000|+0.000|+1.350|+0.000|+0.000|+0.000|+0.000|+0.000|+0.000|+0.000|
298:+0.466|+0.000|+1.441|+0.109|+0.000|+0.000|+1.332|+0.000|+0.000|+0.000|+0.000|+0.000|-1.350|+0.000|+0.000|+0.000|+0.000|+0.000|+0.000|+0.000|
299:-0.866|+0.000|+0.109|+1.459|+0.000|+0.000|-1.332|+0.000|+0.000|+0.000|+0.000|+0.000|-1.350|+0.000|+0.000|+0.000|+0.000|+0.000|+0.000|+0.000|
300:+0.484|+0.000|-1.223|+0.109|+0.000|+0.000|-1.332|+0.000|+0.000|+0.000|+0.000|+0.000|+1.350|+0.000|+0.000|+0.000|+0.000|+0.000|+0.000|+0.000|
301:+1.816|+0.000|+0.109|-1.241|+0.000|+0.000|+1.332|+0.000|+0.000|+0.000|+0.000|+0.000|+1.368|+0.000|+0.000|+0.000|+0.000|+0.000|+0.000|+0.000|
302:+0.467|+0.000|+1.459|+0.109|+0.000|+0.000|+1.350|+0.000|+0.000|+0.000|+0.000|+0.000|-1.368|+0.000|+0.000|+0.000|+0.000|+0.000|+0.000|+0.000|
303:-0.883|+0.000|+0.109|+1.477|+0.000|+0.000|-1.350|+0.000|+0.000|+0.000|+0.000|+0.000|-1.368|+0.000|+0.000|+0.000|+0.000|+0.000|+0.000|+0.000|
304:+0.485|+0.000|-1.241|+0.109|+0.000|+0.000|-1.350|+0.000|+0.000|+0.000|+0.000|+0.000|+1.368|+0.000|+0.000|+0.000|+0.000|+0.000|+0.000|+0.000|
305:+1.835|+0.000|+0.109|-1.259|+0.000|+0.000|+1.350|+0.000|+0.000|+0.000|+0.000|+0.000|+1.386|+0.000|+0.000|+0.000|+0.000|+0.000|+0.000|+0.000|
306:+0.467|+0.000|+1.477|+0.109|+0.000|+0.000|+1.368|+0.000|+0.000|+0.000|+0.000|+0.000|-1.386|+0.000|+0.000|+0.000|+0.000|+0.000|+0.000|+0.000|
307:-0.901|+0.000|+0.109|+1.495|+0.000|+0.000|-1.368|+0.000|+0.000|+0.000|+0.000|+0.000|-1.386|+0.000|+0.000|+0.000|+0.000|+0.000|+0.000|+0.000|
308:+0.485|+0.000|-1.259|+0.109|+0.000|+0.000|-1.368|+0.000|+0.000|+0.000|+0.000|+0.000|+1.386|+0.000|+0.000|+0.000|+0.000|+0.000|+0.000|+0.000|
309:+1.853|+0.000|+0.109|-1.277|+0.000|+0.000|+1.368|+0.000|+0.000|+0.000|+0.000|+0.000|+1.404|+0.000|+0.000|+0.000|+0.000|+0.000|+0.000|+0.000|
310:+0.468|+0.000|+1.495|+0.109|+0.000|+0.000|+1.386|+0.000|+0.000|+0.000|+0.000|+0.000|-1.404|+0.000|+0.000|+0.000|+0.000|+0.000|+0.000|+0.000|
311:-0.918|+0.000|+0.109|+1.513|+0.000|+0.000|-1.386|+0.000|+0.000|+0.000|+0.000|+0.000|-1.404|+0.000|+0.000|+0.000|+0.000|+0.000|+0.000|+0.000|
312:+0.486|+0.000|-1.277|+0.109|+0.000|+0.000|-1.386|+0.000|+0.000|+0.000|+0.000|+0.000|+1.404|+0.000|+0.000|+0.000|+0.000|+0.000|+0.000|+0.000|
313:+1.872|+0.000|+0.108|-1.295|+0.000|+0.000|+1.386|+0.000|+0.000|+0.000|+0.000|+0.000|+1.422|+0.000|+0.000|+0.000|+0.000|+0.000|+0.000|+0.000|
314:+0.468|+0.000|+1.513|+0.109|+0.000|+0.000|+1.404|+0.000|+0.000|+0.000|+0.000|+0.000|-1.422|+0.000|+0.000|+0.000|+0.000|+0.000|+0.000|+0.000|
315:-0.936|+0.000|+0.108|+1.531|+0.000|+0.000|-1.404|+0.000|+0.000|+0.000|+0.000|+0.000|-1.422|+0.000|+0.000|+0.000|+0.000|+0.000|+0.000|+0.000|
316:+0.486|+0.000|-1.296|+0.108|+0.000|+0.000|-1.404|+0.000|+0.000|+0.000|+0.000|+0.000|+1.422|+0.000|+0.000|+0.000|+0.000|+0.000|+0.000|+0.000|
317:+1.890|+0.000|+0.108|-1.313|+0.000|+0.000|+1.404|+0.000|+0.000|+0.000|+0.000|+0.000|+1.440|+0.000|+0.000|+0.000|+0.000|+0.000|+0.000|+0.000|
318:+0.469|+0.000|+1.530|+0.108|+0.000|+0.000|+1.422|+0.000|+0.000|+0.000|+0.000|+0.000|-1.440|+0.000|+0.000|+0.000|+0.000|+0.000|+0.000|+0.000|
319:-0.953|+0.000|+0.108|+1.548|+0.000|+0.000|-1.422|+0.000|+0.000|+0.000|+0.000|+0.000|-1.440|+0.000|+0.000|+0.000|+0.000|+0.000|+0.000|+0.000|
320:+0.487|+0.000|-1.314|+0.108|+0.000|+0.000|-1.422|+0.000|+0.000|+0.000|+0.000|+0.000|+1.440|+0.000|+0.000|+0.000|+0.000|+0.000|+0.000|+0.000|
321:+1.909|+0.000|+0.108|-1.332|+0.000|+0.000|+1.422|+0.000|+0.000|+0.000|+0.000|+0.000|+1.458|+0.000|+0.000|+0.000|+0.000|+0.000|+0.000|+0.000|
322:+0.469|+0.000|+1.548|+0.108|+0.000|+0.000|+1.440|+0.000|+0.000|+0.000|+0.000|+0.000|-1.458|+0.000|+0.000|+0.000|+0.000|+0.000|+0.000|+0.000|
323:-0.971|+0.000|+0.108|+1.566|+0.000|+0.000|-1.440|+0.000|+0.000|+0.000|+0.000|+0.000|-1.458|+0.000|+0.000|+0.000|+0.000|+0.000|+0.000|+0.000|
324:+0.487|+0.000|-1.332|+0.108|+0.000|+0.000|-1.440|+0.000|+0.000|+0.000|+0.000|+0.000|+1.458|+0.000|+0.000|+0.000|+0.000|+0.000|+0.000|+0.000|
325:+1.927|+0.000|+0.108|-1.350|+0.000|+0.000|+1.440|+0.000|+0.000|+0.000|+0.000|+0.000|+1.476|+0.000|+0.000|+0.000|+0.000|+0.000|+0.000|+0.000|
326:+0.469|+0.000|+1.566|+0.108|+0.000|+0.000|+1.458|+0.000|+0.000|+0.000|+0.000|+0.000|-1.476|+0.000|+0.000|+0.000|+0.000|+0.000|+0.000|+0.000|
327:-0.989|+0.000|+0.108|+1.584|+0.000|+0.000|-1.458|+0.000|+0.000|+0.000|+0.000|+0.000|-1.476|+0.000|+0.000|+0.000|+0.000|+0.000|+0.000|+0.000|
328:+0.487|+0.000|-1.350|+0.108|+0.000|+0.000|-1.458|+0.000|+0.000|+0.000|+0.000|+0.000|+1.476|+0.000|+0.000|+0.000|+0.000|+0.000|+0.000|+0.000|
329:+1.945|+0.000|+0.108|-1.368|+0.000|+0.000|+1.458|+0.000|+0.000|+0.000|+0.000|+0.000|+1.494|+0.000|+0.000|+0.000|+0.000|+0.000|+0.000|+0.000|
330:+0.470|+0.000|+1.584|+0.108|+0.000|+0.000|+1.476|+0.000|+0.000|+0.000|+0.000|+0.000|-1.494|+0.000|+0.000|+0.000|+0.000|+0.000|+0.000|+0.000|
331:-1.007|+0.000|+0.108|+1.602|+0.000|+0.000|-1.476|+0.000|+0.000|+0.000|+0.000|+0.000|-1.494|+0.000|+0.000|+0.000|+0.000|+0.000|+0.000|+0.000|
332:+0.488|+0.000|-1.368|+0.108|+0.000|+0.000|-1.476|+0.000|+0.000|+0.000|+0.000|+0.000|+1.494|+0.000|+0.000|+0.000|+0.000|+0.000|+0.000|+0.000|
333:+1.964|+0.000|+0.108|-1.386|+0.000|+0.000|+1.476|+0.000|+0.000|+0.000|+0.000|+0.000|+1.512|+0.000|+0.000|+0.000|+0.000|+0.000|+0.000|+0.000|
334:+0.470|+0.000|+1.602|+0.108|+0.000|+0.000|+1.494|+0.000|+0.000|+0.000|+0.000|+0.000|-1.512|+0.000|+0.000|+0.000|+0.000|+0.000|+0.000|+0.000|
335:-1.024|+0.000|+0.108|+1.620|+0.000|+0.000|-1.494|+0.000|+0.000|+0.000|+0.000|+0.000|-1.512|+0.000|+0.000|+0.000|+0.000|+0.000|+0.000|+0.000|
336:+0.488|+0.000|-1.386|+0.108|+0.000|+0.000|-1.494|+0.000|+0.000|+0.000|+0.000|+0.000|+1.512|+0.000|+0.000|+0.000|+0.000|+0.000|+0.000|+0.000|
337:+1.982|+0.000|+0.108|-1.404|+0.000|+0.000|+1.494|+0.000|+0.000|+0.000|+0.000|+0.000|+1.530|+0.000|+0.000|+0.000|+0.000|+0.000|+0.000|+0.000|
338:+0.470|+0.000|+1.620|+0.108|+0.000|+0.000|+1.512|+0.000|+0.000|+0.000|+0.000|+0.000|-1.530|+0.000|+0.000|+0.000|+0.000|+0.000|+0.000|+0.000|
339:-1.042|+0.000|+0.108|+1.638|+0.000|+0.000|-1.512|+0.000|+0.000|+0.000|+0.000|+0.000|-1.530|+0.000|+0.000|+0.000|+0.000|+0.000|+0.000|+0.000|
340:+0.488|+0.000|-1.404|+0.108|+0.000|+0.000|-1.512|+0.000|+0.000|+0.000|+0.000|+0.000|+1.530|+0.000|+0.000|+0.000|+0.000|+0.000|+0.000|+0.000|
341:+2.000|+0.000|+0.108|-1.422|+0.000|+0.000|+1.512|+0.000|+0.000|+0.000|+0.000|+0.000|+1.548|+0.000|+0.000|+0.000|+0.000|+0.000|+0.000|+0.000|
342:+0.470|+0.000|+1.638|+0.108|+0.000|+0.000|+1.530|+0.000|+0.000|+0.000|+0.000|+0.000|-1.548|+0.000|+0.000|+0.000|+0.000|+0.000|+0.000|+0.000|
343:-1.060|+0.000|+0.108|+1.656|+0.000|+0.000|-1.530|+0.000|+0.000|+0.000|+0.000|+0.000|-1.548|+0.000|+0.000|+0.000|+0.000|+0.000|+0.000|+0.000|
344:+0.488|+0.000|-1.422|+0.108|+0.000|+0.000|-1.530|+0.000|+0.000|+0.000|+0.000|+0.000|+1.548|+0.000|+0.000|+0.000|+0.000|+0.000|+0.000|+0.000|
345:+2.018|+0.000|+0.108|-1.440|+0.000|+0.000|+1.530|+0.000|+0.000|+0.000|+0.000|+0.000|+1.566|+0.000|+0.000|+0.000|+0.000|+0.000|+0.000|+0.000|
346:+0.470|+0.000|+1.656|+0.108|+0.000|+0.000|+1.548|+0.000|+0.000|+0.000|+0.000|+0.000|-1.566|+0.000|+0.000|+0.000|+0.000|+0.000|+0.000|+0.000|
347:-1.078|+0.000|+0.108|+1.674|+0.000|+0.000|-1.548|+0.000|+0.000|+0.000|+0.000|+0.000|-1.566|+0.000|+0.000|+0.000|+0.000|+0.000|+0.000|+0.000|
348:+0.488|+0.000|-1.440|+0.108|+0.000|+0.000|-1.548|+0.000|+0.000|+0.000|+0.000|+0.000|+1.566|+0.000|+0.000|+0.000|+0.000|+0.000|+0.000|+0.000|
349:+2.036|+0.000|+0.108|-1.458|-0.000|+0.000|+1.548|+0.000|+0.000|+0.000|+0.000|+0.000|+1.584|+0.000|+0.000|+0.000|+0.000|+0.000|+0.000|+0.000|
350:+0.470|+0.000|+1.674|+0.108|-0.000|+0.000|+1.566|+0.000|+0.000|+0.000|+0.000|+0.000|-1.584|+0.000|+0.000|+0.000|+0.000|+0.000|+0.000|+0.000|
351:-1.096|+0.000|+0.108|+1.692|-0.000|+0.000|-1.566|+0.000|+0.000|+0.000|+0.000|+0.000|-1.584|+0.000|+0.000|+0.000|+0.000|+0.000|+0.000|+0.000|
352:+0.488|+0.000|-1.458|+0.108|-0.000|+0.000|-1.566|+0.000|+0.000|+0.000|+0.000|+0.000|+1.584|+0.000|+0.000|+0.000|+0.000|+0.000|+0.000|+0.000|
353:+2.054|+0.000|+0.108|-1.476|-0.000|+0.000|+1.566|+0.000|+0.000|+0.000|+0.000|+0.000|+1.602|+0.000|+0.000|+0.000|+0.000|+0.000|+0.000|+0.000|
354:+0.470|+0.000|+1.692|+0.108|-0.000|+0.000|+1.584|+0.000|+0.000|+0.000|+0.000|+0.000|-1.602|+0.000|+0.000|+0.000|+0.000|+0.000|+0.000|+0.000|
355:-1.114|+0.000|+0.108|+1.710|-0.000|+0.000|-1.584|+0.000|+0.000|+0.000|+0.000|+0.000|-1.602|+0.000|+0.000|+0.000|+0.000|+0.000|+0.000|+0.000|
356:+0.488|+0.000|-1.476|+0.108|-0.000|+0.000|-1.584|+0.000|+0.000|+0.000|+0.000|+0.000|+1.602|+0.000|+0.000|+0.000|+0.000|+0.000|+0.000|+0.000|
357:+2.072|+0.000|+0.108|-1.494|-0.000|+0.000|+1.584|+0.000|+0.000|+0.000|+0.000|+0.000|+1.620|+0.000|+0.000|+0.000|+0.000|+0.000|+0.000|+0.000|
358:+0.470|+0.000|+1.710|+0.108|-0.000|+0.000|+1.602|+0.000|+0.000|+0.000|+0.000|+0.000|-1.620|+0.000|+0.000|+0.000|+0.000|+0.000|+0.000|+0.000|
359:-1.132|+0.000|+0.108|+1.728|-0.000|+0.000|-1.602|+0.000|+0.000|+0.000|+0.000|+0.000|-1.620|+0.000|+0.000|+0.000|+0.000|+0.000|+0.000|+0.000|
360:+0.488|+0.000|-1.494|+0.108|-0.000|+0.000|-1.602|+0.000|+0.000|+0.000|+0.000|+0.000|+1.620|+0.000|+0.000|+0.000|+0.000|+0.000|+0.000|+0.000|
361:+2.089|+0.000|+0.108|-1.512|-0.000|+0.000|+1.602|+0.000|+0.000|+0.000|+0.000|+0.000|+1.638|+0.000|+0.000|+0.000|+0.000|+0.000|+0.000|+0.000|
362:+0.470|+0.000|+1.728|+0.108|-0.000|+0.000|+1.620|+0.000|+0.000|+0.000|+0.000|+0.000|-1.638|+0.000|+0.000|+0.000|+0.000|+0.000|+0.000|+0.000|
363:-1.151|+0.000|+0.108|+1.746|-0.000|+0.000|-1.620|+0.000|+0.000|+0.000|+0.000|+0.000|-1.638|+0.000|+0.000|+0.000|+0.000|+0.000|+0.000|+0.000|
364:+0.487|+0.000|-1.512|+0.108|-0.000|+0.000|-1.620|+0.000|+0.000|+0.000|+0.000|+0.000|+1.638|+0.000|+0.000|+0.000|+0.000|+0.000|+0.000|+0.000|
365:+2.107|+0.000|+0.108|-1.530|-0.000|+0.000|+1.620|+0.000|+0.000|+0.000|+0.000|+0.000|+1.656|+0.000|+0.000|+0.000|+0.000|+0.000|+0.000|+0.000|
366:+0.469|+0.000|+1.746|+0.108|-0.000|+0.000|+1.638|+0.000|+0.000|+0.000|+0.000|+0.000|-1.656|+0.000|+0.000|+0.000|+0.000|+0.000|+0.000|+0.000|
367:-1.169|+0.000|+0.108|+1.764|-0.000|+0.000|-1.638|+0.000|+0.000|+0.000|+0.000|+0.000|-1.656|+0.000|+0.000|+0.000|+0.000|+0.000|+0.000|+0.000|
368:+0.487|+0.000|-1.530|+0.108|-0.000|+0.000|-1.638|+0.000|+0.000|+0.000|+0.000|+0.000|+1.656|+0.000|+0.000|+0.000|+0.000|+0.000|+0.000|+0.000|
369:+2.125|+0.000|+0.108|-1.548|+0.000|+0.000|+1.638|+0.000|+0.000|+0.000|+0.000|+0.000|+1.674|+0.000|+0.000|+0.000|+0.000|+0.000|+0.000|+0.000|
370:+0.469|+0.000|+1.764|+0.108|+0.000|+0.000|+1.656|+0.000|+0.000|+0.000|+0.000|+0.000|-1.674|+0.000|+0.000|+0.000|+0.000|+0.000|+0.000|+0.000|
371:-1.187|+0.000|+0.108|+1.782|+0.000|+0.000|-1.656|+0.000|+0.000|+0.000|+0.000|+0.000|-1.674|+0.000|+0.000|+0.000|+0.000|+0.000|+0.000|+0.000|
372:+0.487|+0.000|-1.548|+0.108|+0.000|+0.000|-1.656|+0.000|+0.000|+0.000|+0.000|+0.000|+1.674|+0.000|+0.000|+0.000|+0.000|+0.000|+0.000|+0.000|
373:+2.142|+0.000|+0.108|-1.566|+0.000|+0.000|+1.656|+0.000|+0.000|+0.000|+0.000|+0.000|+1.692|+0.000|+0.000|+0.000|+0.000|+0.000|+0.000|+0.000|
374:+0.469|+0.000|+1.783|+0.108|+0.000|+0.000|+1.674|+0.000|+0.000|+0.000|+0.000|+0.000|-1.692|+0.000|+0.000|+0.000|+0.000|+0.000|+0.000|+0.000|
375:-1.206|+0.000|+0.108|+1.800|+0.000|+0.000|-1.674|+0.000|+0.000|+0.000|+0.000|+0.000|-1.692|+0.000|+0.000|+0.000|+0.000|+0.000|+0.000|+0.000|
376:+0.486|+0.000|-1.565|+0.108|+0.000|+0.000|-1.674|+0.000|+0.000|+0.000|+0.000|+0.000|+1.692|+0.000|+0.000|+0.000|+0.000|+0.000|+0.000|+0.000|
377:+2.160|+0.000|+0.108|-1.583|+0.000|+0.000|+1.674|+0.000|+0.000|+0.000|+0.000|+0.000|+1.710|+0.000|+0.000|+0.000|+0.000|+0.000|+0.000|+0.000|
378:+0.468|+0.000|+1.801|+0.108|+0.000|+0.000|+1.692|+0.000|+0.000|+0.000|+0.000|+0.000|-1.710|+0.000|+0.000|+0.000|+0.000|+0.000|+0.000|+0.000|
379:-1.224|+0.000|+0.109|+1.819|+0.000|+0.000|-1.692|+0.000|+0.000|+0.000|+0.000|+0.000|-1.710|+0.000|+0.000|+0.000|+0.000|+0.000|+0.000|+0.000|
380:+0.486|+0.000|-1.583|+0.108|+0.000|+0.000|-1.692|+0.000|+0.000|+0.000|+0.000|+0.000|+1.710|+0.000|+0.000|+0.000|+0.000|+0.000|+0.000|+0.000|
381:+2.178|+0.000|+0.109|-1.601|+0.000|+0.000|+1.692|+0.000|+0.000|+0.000|+0.000|+0.000|+1.728|+0.000|+0.000|+0.000|+0.000|+0.000|+0.000|+0.000|
382:+0.468|+0.000|+1.819|+0.109|+0.000|+0.000|+1.710|+0.000|+0.000|+0.000|+0.000|+0.000|-1.728|+0.000|+0.000|+0.000|+0.000|+0.000|+0.000|+0.000|
383:-1.243|+0.000|+0.109|+1.837|+0.000|+0.000|-1.710|+0.000|+0.000|+0.000|+0.000|+0.000|-1.728|+0.000|+0.000|+0.000|+0.000|+0.000|+0.000|+0.000|
384:+0.485|+0.000|-1.601|+0.109|+0.000|+0.000|-1.710|+0.000|+0.000|+0.000|+0.000|+0.000|+1.728|+0.000|+0.000|+0.000|+0.000|+0.000|+0.000|+0.000|
385:+2.195|+0.000|+0.109|-1.619|+0.000|+0.000|+1.710|+0.000|+0.000|+0.000|+0.000|+0.000|+1.746|+0.000|+0.000|+0.000|+0.000|+0.000|+0.000|+0.000|
386:+0.467|+0.000|+1.837|+0.109|+0.000|+0.000|+1.728|+0.000|+0.000|+0.000|+0.000|+0.000|-1.746|+0.000|+0.000|+0.000|+0.000|+0.000|+0.000|+0.000|
387:-1.261|+0.000|+0.109|+1.855|+0.000|+0.000|-1.728|+0.000|+0.000|+0.000|+0.000|+0.000|-1.746|+0.000|+0.000|+0.000|+0.000|+0.000|+0.000|+0.000|
388:+0.485|+0.000|-1.619|+0.109|+0.000|+0.000|-1.728|+0.000|+0.000|+0.000|+0.000|+0.000|+1.746|+0.000|+0.000|+0.000|+0.000|+0.000|+0.000|+0.000|
389:+2.213|+0.000|+0.109|-1.637|+0.000|+0.000|+1.728|+0.000|+0.000|+0.000|+0.000|+0.000|+1.764|+0.000|+0.000|+0.000|+0.000|+0.000|+0.000|+0.000|
390:+0.467|+0.000|+1.855|+0.109|+0.000|+0.000|+1.746|+0.000|+0.000|+0.000|+0.000|+0.000|-1.764|+0.000|+0.000|+0.000|+0.000|+0.000|+0.000|+0.000|
391:-1.280|+0.000|+0.109|+1.873|+0.000|+0.000|-1.746|+0.000|+0.000|+0.000|+0.000|+0.000|-1.764|+0.000|+0.000|+0.000|+0.000|+0.000|+0.000|+0.000|
392:+0.484|+0.000|-1.637|+0.109|+0.000|+0.000|-1.746|+0.000|+0.000|+0.000|+0.000|+0.000|+1.764|+0.000|+0.000|+0.000|+0.000|+0.000|+0.000|+0.000|
393:+2.230|+0.000|+0.109|-1.655|+0.000|+0.000|+1.746|+0.000|+0.000|+0.000|+0.000|+0.000|+1.782|+0.000|+0.000|+0.000|+0.000|+0.000|+0.000|+0.000|
394:+0.466|+0.000|+1.874|+0.109|+0.000|+0.000|+1.764|+0.000|+0.000|+0.000|+0.000|+0.000|-1.782|+0.000|+0.000|+0.000|+0.000|+0.000|+0.000|+0.000|
395:-1.298|+0.000|+0.109|+1.892|+0.000|+0.000|-1.764|+0.000|+0.000|+0.000|+0.000|+0.000|-1.782|+0.000|+0.000|+0.000|+0.000|+0.000|+0.000|+0.000|
396:+0.484|+0.000|-1.654|+0.109|+0.000|+0.000|-1.764|+0.000|+0.000|+0.000|+0.000|+0.000|+1.782|+0.000|+0.000|+0.000|+0.000|+0.000|+0.000|+0.000|
397:+2.247|+0.000|+0.110|-1.672|+0.000|+0.000|+1.764|+0.000|+0.000|+0.000|+0.000|+0.000|+1.800|+0.000|+0.000|+0.000|+0.000|+0.000|+0.000|+0.000|
398:+0.465|+0.000|+1.892|+0.110|+0.000|+0.000|+1.782|+0.000|+0.000|+0.000|+0.000|+0.000|-1.800|+0.000|+0.000|+0.000|+0.000|+0.000|+0.000|+0.000|
399:-1.317|+0.000|+0.110|+1.910|+0.000|+0.000|-1.782|+0.000|+0.000|+0.000|+0.000|+0.000|-1.800|+0.000|+0.000|+0.000|+0.000|+0.000|+0.000|+0.000|
