H0|H0'|E|1|1_p1|1_p2|partial1|
001:+0.600|+0.000|+0.000|+0.000|+0.000|+0.000|+0.000|
002:+0.600|+0.000|+0.000|+0.000|+0.000|+0.000|+0.000|
003:+0.582|+0.000|+0.000|+0.000|+0.000|+0.000|+0.000|
004:+0.582|+0.000|+0.000|+0.000|+0.000|+0.000|+0.000|
005:+0.600|+0.000|+0.000|+0.000|+0.000|+0.000|+0.000|
006:+0.600|+0.000|+0.000|+0.000|+0.000|+0.000|+0.000|
007:+0.582|+0.000|+0.000|+0.000|+0.000|+0.000|+0.000|
008:+0.582|+0.000|+0.000|+0.000|+0.000|+0.000|+0.000|
009:+0.600|+0.000|+0.000|+0.000|+0.000|+0.000|+0.000|
010:+0.600|+0.000|+0.000|+0.000|+0.000|+0.000|+0.000|
011:+0.582|+0.000|+0.000|+0.000|+0.000|+0.000|+0.000|
012:+0.582|+0.000|+0.000|+0.000|+0.000|+0.000|+0.000|
013:+0.600|+0.000|+0.000|+0.000|+0.000|+0.000|+0.000|
014:+0.600|+0.000|+0.000|+0.000|+0.000|+0.000|+0.000|
015:+0.582|+0.000|+0.000|+0.000|+0.000|+0.000|+0.000|
016:+0.582|+0.000|+0.000|+0.000|+0.000|+0.000|+0.000|
017:+0.600|+0.000|+0.000|+0.000|+0.000|+0.000|+0.000|
018:+0.600|+0.000|+0.000|+0.000|+0.000|+0.000|+0.000|
019:+0.582|+0.000|+0.000|+0.000|+0.000|+0.000|+0.000|
020:+0.582|+0.000|+0.000|+0.000|+0.000|+0.000|+0.000|
021:+0.600|+0.000|+0.000|+0.000|+0.000|+0.000|+0.000|
022:+0.600|+0.000|+0.000|+0.000|+0.000|+0.000|+0.000|
023:+0.582|+0.000|+0.000|+0.000|+0.000|+0.000|+0.000|
024:+0.583|+0.000|+0.000|+0.000|+0.000|+0.000|+0.000|
025:+0.601|+0.000|+0.000|+0.000|+0.000|+0.000|+0.000|
026:+0.601|+0.000|+0.000|+0.000|+0.000|+0.000|+0.000|
027:+0.583|+0.000|+0.000|+0.000|+0.000|+0.000|+0.000|
028:+0.583|+0.000|+0.000|+0.000|+0.000|+0.000|+0.000|
029:+0.601|+0.000|+0.000|+0.000|+0.000|+0.000|+0.000|
030:+0.601|+0.000|+0.000|+0.000|+0.000|+0.000|+0.000|
031:+0.583|+0.000|+0.000|+0.000|+0.000|+0.000|+0.000|
032:+0.583|+0.000|+0.000|+0.000|+0.000|+0.000|+0.000|
033:+0.601|+0.000|+0.000|+0.000|+0.000|+0.000|+0.000|
034:+0.601|+0.000|+0.000|+0.000|+0.000|+0.000|+0.000|
035:+0.583|+0.000|+0.000|+0.000|+0.000|+0.000|+0.000|
036:+0.583|+0.000|+0.000|+0.000|+0.000|+0.000|+0.000|
037:+0.601|+0.000|+0.000|+0.000|+0.000|+0.000|+0.000|
038:+0.601|+0.000|+0.000|+0.000|+0.000|+0.000|+0.000|
039:+0.583|+0.000|+0.000|+0.000|+0.000|+0.000|+0.000|
040:+0.583|+0.000|+0.000|+0.000|+0.000|+0.000|+0.000|
041:+0.601|+0.000|+0.000|+0.000|+0.000|+0.000|+0.000|
042:+0.602|+0.000|+0.000|+0.000|+0.000|+0.000|+0.000|
043:+0.584|+0.000|+0.000|+0.000|+0.000|+0.000|+0.000|
044:+0.584|+0.000|+0.000|+0.000|+0.000|+0.000|+0.000|
045:+0.602|+0.000|+0.000|+0.000|+0.000|+0.000|+0.000|
046:+0.602|+0.000|+0.000|+0.000|+0.000|+0.000|+0.000|
047:+0.584|+0.000|+0.000|+0.000|+0.000|+0.000|+0.000|
048:+0.584|+0.000|+0.000|+0.000|+0.000|+0.000|+0.000|
049:+0.602|+0.000|+0.000|+0.000|+0.000|+0.000|+0.000|
050:+0.602|+0.000|+0.000|+0.000|+0.000|+0.000|+0.000|
051:+0.584|+0.000|+0.000|+0.000|+0.000|+0.000|+0.000|
052:+0.584|+0.000|+0.000|+0.000|+0.000|+0.000|+0.000|
053:+0.602|+0.000|+0.000|+0.000|+0.000|+0.000|+0.000|
054:+0.602|+0.000|+0.000|+0.000|+0.000|+0.000|+0.000|
055:+0.584|+0.000|+0.000|+0.000|+0.000|+0.000|+0.000|
056:+0.585|+0.000|+0.000|+0.000|+0.000|+0.000|+0.000|
057:+0.603|+0.000|+0.000|+0.000|+0.000|+0.000|+0.000|
058:+0.603|+0.000|+0.000|+0.000|+0.000|+0.000|+0.000|
059:+0.585|+0.000|+0.000|+0.000|+0.000|+0.000|+0.000|
060:+0.585|+0.000|+0.000|+0.000|+0.000|+0.000|+0.000|
061:+0.603|+0.000|+0.000|+0.000|+0.000|+0.000|+0.000|
062:+0.603|+0.000|+0.000|+0.000|+0.000|+0.000|+0.000|
063:+0.585|+0.000|+0.000|+0.000|+0.000|+0.000|+0.000|
064:+0.585|+0.000|+0.000|+0.000|+0.000|+0.000|+0.000|
065:+0.603|+0.000|+0.000|+0.000|+0.000|+0.000|+0.000|
066:+0.603|+0.000|+0.000|+0.000|+0.000|+0.000|+0.000|
067:+0.585|+0.000|+0.000|+0.000|+0.000|+0.000|+0.000|
068:+0.585|+0.000|+0.000|+0.000|+0.000|+0.000|+0.000|
069:+0.603|+0.000|+0.000|+0.000|+0.000|+0.000|+0.000|
070:+0.604|+0.000|+0.000|+0.000|+0.000|+0.000|+0.000|
071:+0.586|+0.000|+0.000|+0.000|+0.000|+0.000|+0.000|
072:+0.586|+0.000|+0.000|+0.000|+0.000|+0.000|+0.000|
073:+0.604|+0.000|+0.000|+0.000|+0.000|+0.000|+0.000|
074:+0.604|+0.000|+0.000|+0.000|+0.000|+0.000|+0.000|
075:+0.586|+0.000|+0.000|+0.000|+0.000|+0.000|+0.000|
076:+0.586|+0.000|+0.000|+0.000|+0.000|+0.000|+0.000|
077:+0.604|+0.000|+0.000|+0.000|+0.000|+0.000|+0.000|
078:+0.604|+0.000|+0.000|+0.000|+0.000|+0.000|+0.000|
079:+0.586|+0.000|+0.000|+0.000|+0.000|+0.000|+0.000|
080:+0.586|+0.000|+0.000|+0.000|+0.000|+0.000|+0.000|
081:+0.604|+0.000|+0.000|+0.000|+0.000|+0.000|+0.000|
082:+0.604|+0.000|+0.000|+0.000|+0.000|+0.000|+0.000|
083:+0.586|+0.000|+0.000|+0.000|+0.000|+0.000|+0.000|
084:+0.586|+0.000|+0.000|+0.000|+0.000|+0.000|+0.000|
085:+0.605|+0.000|+0.000|+0.000|+0.000|+0.000|+0.000|
086:+0.605|+0.000|+0.000|+0.000|+0.000|+0.000|+0.000|
087:+0.587|+0.000|+0.000|+0.000|+0.000|+0.000|+0.000|
088:+0.587|+0.000|+0.000|+0.000|+0.000|+0.000|+0.000|
089:+0.605|+0.000|+0.000|+0.000|+0.000|+0.000|+0.000|
090:+0.605|+0.000|+0.000|+0.000|+0.000|+0.000|+0.000|
091:+0.587|+0.000|+0.000|+0.000|+0.000|+0.000|+0.000|
092:+0.587|+0.000|+0.000|+0.000|+0.000|+0.000|+0.000|
093:+0.605|+0.000|+0.000|+0.000|+0.000|+0.000|+0.000|
094:+0.605|+0.000|+0.000|+0.000|+0.000|+0.000|+0.000|
095:+0.587|+0.000|+0.000|+0.000|+0.000|+0.000|+0.000|
096:+0.587|+0.000|+0.000|+0.000|+0.000|+0.000|+0.000|
097:+0.605|+0.000|+0.000|+0.000|+0.000|+0.000|+0.000|
098:+0.605|+0.000|+0.000|+0.000|+0.000|+0.000|+0.000|
099:+0.587|+0.000|+0.000|+0.000|+0.000|+0.000|+0.000|
100:+0.587|+0.000|+0.000|+0.000|+0.000|+0.000|+0.000|
101:+0.605|+0.000|+0.000|+0.000|+0.000|+0.000|+0.000|
102:+0.605|+0.000|+0.000|+0.000|+0.000|+0.000|+0.000|
103:+0.587|+0.000|+0.000|+0.000|+0.000|+0.000|+0.000|
104:+0.587|+0.000|+0.000|+0.000|+0.000|+0.000|+0.000|
105:+0.605|+0.000|+0.000|+0.000|+0.000|+0.000|+0.000|
106:+0.605|+0.000|+0.000|+0.000|+0.000|+0.000|+0.000|
107:+0.587|+0.000|+0.000|+0.000|+0.000|+0.000|+0.000|
108:+0.587|+0.000|+0.000|+0.000|+0.000|+0.000|+0.000|
109:+0.605|+0.000|+0.000|+0.000|+0.000|+0.000|+0.000|
110:+0.605|+0.000|+0.000|+0.000|+0.000|+0.000|+0.000|
111:+0.587|+0.000|+0.000|+0.000|+0.000|+0.000|+0.000|
112:+0.587|+0.000|+0.000|+0.000|+0.000|+0.000|+0.000|
113:+0.605|+0.000|+0.000|+0.000|+0.000|+0.000|+0.000|
114:+0.605|+0.000|+0.000|+0.000|+0.000|+0.000|+0.000|
115:+0.587|+0.000|+0.000|+0.000|+0.000|+0.000|+0.000|
116:+0.587|+0.000|+0.000|+0.000|+0.000|+0.000|+0.000|
117:+0.605|+0.000|+0.000|+0.000|+0.000|+0.000|+0.000|
118:+0.605|+0.000|+0.000|+0.000|+0.000|+0.000|+0.000|
119:+0.587|+0.000|+0.000|+0.000|+0.000|+0.000|+0.000|
120:+0.587|+0.000|+0.000|+0.000|+0.000|+0.000|+0.000|
121:+0.605|+0.000|+0.000|+0.000|+0.000|+0.000|+0.000|
122:+0.605|+0.000|+0.000|+0.000|+0.000|+0.000|+0.000|
123:+0.587|+0.000|+0.000|+0.000|+0.000|+0.000|+0.000|
124:+0.587|+0.000|+0.000|+0.000|+0.000|+0.000|+0.000|
125:+0.605|+0.000|+0.000|+0.000|+0.000|+0.000|+0.000|
126:+0.605|+0.000|+0.000|+0.000|+0.000|+0.000|+0.000|
127:+0.587|+0.000|+0.000|+0.000|+0.000|+0.000|+0.000|
128:+0.587|+0.000|+0.000|+0.000|+0.000|+0.000|+0.000|
129:+0.605|+0.000|+0.000|+0.000|+0.000|+0.000|+0.000|
130:+0.605|+0.000|+0.000|+0.000|+0.000|+0.000|+0.000|
131:+0.587|+0.000|+0.000|+0.000|+0.000|+0.000|+0.000|
132:+0.587|+0.000|+0.000|+0.000|+0.000|+0.000|+0.000|
133:+0.605|+0.000|+0.000|+0.000|+0.000|+0.000|+0.000|
134:+0.605|+0.000|+0.000|+0.000|+0.000|+0.000|+0.000|
135:+0.587|+0.000|+0.000|+0.000|+0.000|+0.000|+0.000|
136:+0.587|+0.000|+0.000|+0.000|+0.000|+0.000|+0.000|
137:+0.605|+0.000|+0.000|+0.000|+0.000|+0.000|+0.000|
138:+0.605|+0.000|+0.000|+0.000|+0.000|+0.000|+0.000|
139:+0.587|+0.000|+0.000|+0.000|+0.000|+0.000|+0.000|
140:+0.587|+0.000|+0.000|+0.000|+0.000|+0.000|+0.000|
141:+0.605|+0.000|+0.000|+0.000|+0.000|+0.000|+0.000|
142:+0.605|+0.000|+0.000|+0.000|+0.000|+0.000|+0.000|
143:+0.587|+0.000|+0.000|+0.000|+0.000|+0.000|+0.000|
144:+0.587|+0.000|+0.000|+0.000|+0.000|+0.000|+0.000|
145:+0.605|+0.000|+0.000|+0.000|+0.000|+0.000|+0.000|
146:+0.605|+0.000|+0.000|+0.000|+0.000|+0.000|+0.000|
147:+0.586|+0.000|+0.000|+0.000|+0.000|+0.000|+0.000|
148:+0.586|+0.000|+0.000|+0.000|+0.000|+0.000|+0.000|
149:+0.604|+0.000|+0.000|+0.000|+0.000|+0.000|+0.000|
150:+0.604|+0.000|+0.000|+0.000|+0.000|+0.000|+0.000|
151:+0.586|+0.000|+0.000|+0.000|+0.000|+0.000|+0.000|
152:+0.586|+0.000|+0.000|+0.000|+0.000|+0.000|+0.000|
153:+0.604|+0.000|+0.000|+0.000|+0.000|+0.000|+0.000|
154:+0.604|+0.000|+0.000|+0.000|+0.000|+0.000|+0.000|
155:+0.586|+0.000|+0.000|+0.000|+0.000|+0.000|+0.000|
156:+0.586|+0.000|+0.000|+0.000|+0.000|+0.000|+0.000|
157:+0.604|+0.000|+0.000|+0.000|+0.000|+0.000|+0.000|
158:+0.604|+0.000|+0.000|+0.000|+0.000|+0.000|+0.000|
159:+0.586|+0.000|+0.000|+0.000|+0.000|+0.000|+0.000|
160:+0.586|+0.000|+0.000|+0.000|+0.000|+0.000|+0.000|
161:+0.604|+0.000|+0.000|+0.000|+0.000|+0.000|+0.000|
162:+0.603|+0.000|+0.000|+0.000|+0.000|+0.000|+0.000|
163:+0.585|+0.000|+0.000|+0.000|+0.000|+0.000|+0.000|
164:+0.585|+0.000|+0.000|+0.000|+0.000|+0.000|+0.000|
165:+0.603|+0.000|+0.000|+0.000|+0.000|+0.000|+0.000|
166:+0.603|+0.000|+0.000|+0.000|+0.000|+0.000|+0.000|
167:+0.585|+0.000|+0.000|+0.000|+0.000|+0.000|+0.000|
168:+0.585|+0.000|+0.000|+0.000|+0.000|+0.000|+0.000|
169:+0.603|+0.000|+0.000|+0.000|+0.000|+0.000|+0.000|
170:+0.603|+0.000|+0.000|+0.000|+0.000|+0.000|+0.000|
171:+0.585|+0.000|+0.000|+0.000|+0.000|+0.000|+0.000|
172:+0.585|+0.000|+0.000|+0.000|+0.000|+0.000|+0.000|
173:+0.603|+0.000|+0.000|+0.000|+0.000|+0.000|+0.000|
174:+0.603|+0.000|+0.000|+0.000|+0.000|+0.000|+0.000|
175:+0.584|+0.000|+0.000|+0.000|+0.000|+0.000|+0.000|
176:+0.584|+0.000|+0.000|+0.000|+0.000|+0.000|+0.000|
177:+0.602|+0.000|+0.000|+0.000|+0.000|+0.000|+0.000|
178:+0.602|+0.000|+0.000|+0.000|+0.000|+0.000|+0.000|
179:+0.584|+0.000|+0.000|+0.000|+0.000|+0.000|+0.000|
180:+0.584|+0.000|+0.000|+0.000|+0.000|+0.000|+0.000|
181:+0.602|+0.000|+0.000|+0.000|+0.000|+0.000|+0.000|
182:+0.602|+0.000|+0.000|+0.000|+0.000|+0.000|+0.000|
183:+0.584|+0.000|+0.000|+0.000|+0.000|+0.000|+0.000|
184:+0.584|+0.000|+0.000|+0.000|+0.000|+0.000|+0.000|
185:+0.602|+0.000|+0.000|+0.000|+0.000|+0.000|+0.000|
186:+0.602|+0.000|+0.000|+0.000|+0.000|+0.000|+0.000|
187:+0.584|+0.000|+0.000|+0.000|+0.000|+0.000|+0.000|
188:+0.583|+0.000|+0.000|+0.000|+0.000|+0.000|+0.000|
189:+0.601|+0.000|+0.000|+0.000|+0.000|+0.000|+0.000|
190:+0.601|+0.000|+0.000|+0.000|+0.000|+0.000|+0.000|
191:+0.583|+0.000|+0.000|+0.000|+0.000|+0.000|+0.000|
192:+0.583|+0.000|+0.000|+0.000|+0.000|+0.000|+0.000|
193:+0.601|+0.000|+0.000|+0.000|+0.000|+0.000|+0.000|
194:+0.601|+0.000|+0.000|+0.000|+0.000|+0.000|+0.000|
195:+0.583|+0.000|+0.000|+0.000|+0.000|+0.000|+0.000|
196:+0.583|+0.000|+0.000|+0.000|+0.000|+0.000|+0.000|
197:+0.601|+0.000|+0.000|+0.000|+0.000|+0.000|+0.000|
198:+0.601|+0.000|+0.000|+0.000|+0.000|+0.000|+0.000|
199:+0.583|+0.000|+0.000|+0.000|+0.000|+0.000|+0.000|
200:+0.583|+0.000|+0.000|+0.000|+0.000|+0.000|+0.000|
201:+0.601|+0.000|+0.000|+0.000|+0.000|+0.000|+0.000|
202:+0.601|+0.000|+0.000|+0.000|+0.000|+0.000|+0.000|
203:+0.583|+0.000|+0.000|+0.000|+0.000|+0.000|+0.000|
204:+0.582|+0.000|+0.000|+0.000|+0.000|+0.000|+0.000|
205:+0.600|+0.000|+0.000|+0.000|+0.000|+0.000|+0.000|
206:+0.600|+0.000|+0.000|+0.000|+0.000|+0.000|+0.000|
207:+0.582|+0.000|+0.000|+0.000|+0.000|+0.000|+0.000|
208:+0.582|+0.000|+0.000|+0.000|+0.000|+0.000|+0.000|
209:+0.600|+0.000|+0.000|+0.000|+0.000|+0.000|+0.000|
210:+0.600|+0.000|+0.000|+0.000|+0.000|+0.000|+0.000|
211:+0.582|+0.000|+0.000|+0.000|+0.000|+0.000|+0.000|
212:+0.582|+0.000|+0.000|+0.000|+0.000|+0.000|+0.000|
213:+0.600|+0.000|+0.000|+0.000|+0.000|+0.000|+0.000|
214:+0.600|+0.000|+0.000|+0.000|+0.000|+0.000|+0.000|
215:+0.582|+0.000|+0.000|+0.000|+0.000|+0.000|+0.000|
216:+0.582|+0.000|+0.000|+0.000|+0.000|+0.000|+0.000|
217:+0.600|+0.000|+0.000|+0.000|+0.000|+0.000|+0.000|
218:+0.600|+0.000|+0.000|+0.000|+0.000|+0.000|+0.000|
219:+0.582|+0.000|+0.000|+0.000|+0.000|+0.000|+0.000|
220:+0.582|+0.000|+0.000|+0.000|+0.000|+0.000|+0.000|
221:+0.600|+0.000|+0.000|+0.000|+0.000|+0.000|+0.000|
222:+0.600|+0.000|+0.000|+0.000|+0.000|+0.000|+0.000|
223:+0.582|+0.000|+0.000|+0.000|+0.000|+0.000|+0.000|
224:+0.582|+0.000|+0.000|+0.000|+0.000|+0.000|+0.000|
225:+0.600|+0.000|+0.000|+0.000|+0.000|+0.000|+0.000|
226:+0.600|+0.000|+0.000|+0.000|+0.000|+0.000|+0.000|
227:+0.582|+0.000|+0.000|+0.000|+0.000|+0.000|+0.000|
228:+0.582|+0.000|+0.000|+0.000|+0.000|+0.000|+0.000|
229:+0.600|+0.000|+0.000|+0.000|+0.000|+0.000|+0.000|
230:+0.600|+0.000|+0.000|+0.000|+0.000|+0.000|+0.000|
231:+0.582|+0.000|+0.000|+0.000|+0.000|+0.000|+0.000|
232:+0.582|+0.000|+0.000|+0.000|+0.000|+0.000|+0.000|
233:+0.600|+0.000|+0.000|+0.000|+0.000|+0.000|+0.000|
234:+0.600|+0.000|+0.000|+0.000|+0.000|+0.000|+0.000|
235:+0.582|+0.000|+0.000|+0.000|+0.000|+0.000|+0.000|
236:+0.582|+0.000|+0.000|+0.000|+0.000|+0.000|+0.000|
237:+0.600|+0.000|+0.000|+0.000|+0.000|+0.000|+0.000|
238:+0.600|+0.000|+0.000|+0.000|+0.000|+0.000|+0.000|
239:+0.582|+0.000|+0.000|+0.000|+0.000|+0.000|+0.000|
240:+0.582|+0.000|+0.000|+0.000|+0.000|+0.000|+0.000|
241:+0.600|+0.000|+0.000|+0.000|+0.000|+0.000|+0.000|
242:+0.600|+0.000|+0.000|+0.000|+0.000|+0.000|+0.000|
243:+0.582|+0.000|+0.000|+0.000|+0.000|+0.000|+0.000|
244:+0.582|+0.000|+0.000|+0.000|+0.000|+0.000|+0.000|
245:+0.600|+0.000|+0.000|+0.000|+0.000|+0.000|+0.000|
246:+0.600|+0.000|+0.000|+0.000|+0.000|+0.000|+0.000|
247:+0.582|+0.000|+0.000|+0.000|+0.000|+0.000|+0.000|
248:+0.582|+0.000|+0.000|+0.000|+0.000|+0.000|+0.000|
249:+0.600|+0.000|+0.000|+0.000|+0.000|+0.000|+0.000|
250:+0.600|+0.000|+0.000|+0.000|+0.000|+0.000|+0.000|
251:+0.582|+0.000|+0.000|+0.000|+0.000|+0.000|+0.000|
252:+0.582|+0.000|+0.000|+0.000|+0.000|+0.000|+0.000|
253:+0.600|+0.000|+0.000|+0.000|+0.000|+0.000|+0.000|
254:+0.600|+0.000|+0.000|+0.000|+0.000|+0.000|+0.000|
255:+0.582|+0.000|+0.000|+0.000|+0.000|+0.000|+0.000|
256:+0.582|+0.000|+0.000|+0.000|+0.000|+0.000|+0.000|
257:+0.600|+0.000|+0.000|+0.000|+0.000|+0.000|+0.000|
258:+0.601|+0.000|+0.000|+0.000|+0.000|+0.000|+0.000|
259:+0.583|+0.000|+0.000|+0.000|+0.000|+0.000|+0.000|
260:+0.583|+0.000|+0.000|+0.000|+0.000|+0.000|+0.000|
261:+0.601|+0.000|+0.000|+0.000|+0.000|+0.000|+0.000|
262:+0.601|+0.000|+0.000|+0.000|+0.000|+0.000|+0.000|
263:+0.583|+0.000|+0.000|+0.000|+0.000|+0.000|+0.000|
264:+0.583|+0.000|+0.000|+0.000|+0.000|+0.000|+0.000|
265:+0.601|+0.000|+0.000|+0.000|+0.000|+0.000|+0.000|
266:+0.601|+0.000|+0.000|+0.000|+0.000|+0.000|+0.000|
267:+0.583|+0.000|+0.000|+0.000|+0.000|+0.000|+0.000|
268:+0.583|+0.000|+0.000|+0.000|+0.000|+0.000|+0.000|
269:+0.601|+0.000|+0.000|+0.000|+0.000|+0.000|+0.000|
270:+0.601|+0.000|+0.000|+0.000|+0.000|+0.000|+0.000|
271:+0.583|+0.000|+0.000|+0.000|+0.000|+0.000|+0.000|
272:+0.583|+0.000|+0.000|+0.000|+0.000|+0.000|+0.000|
273:+0.602|+0.000|+0.000|+0.000|+0.000|+0.000|+0.000|
274:+0.602|+0.000|+0.000|+0.000|+0.000|+0.000|+0.000|
275:+0.584|+0.000|+0.000|+0.000|+0.000|+0.000|+0.000|
276:+0.584|+0.000|+0.000|+0.000|+0.000|+0.000|+0.000|
277:+0.602|+0.000|+0.000|+0.000|+0.000|+0.000|+0.000|
278:+0.602|+0.000|+0.000|+0.000|+0.000|+0.000|+0.000|
279:+0.584|+0.000|+0.000|+0.000|+0.000|+0.000|+0.000|
280:+0.584|+0.000|+0.000|+0.000|+0.000|+0.000|+0.000|
281:+0.602|+0.000|+0.000|+0.000|+0.000|+0.000|+0.000|
282:+0.602|+0.000|+0.000|+0.000|+0.000|+0.000|+0.000|
283:+0.584|+0.000|+0.000|+0.000|+0.000|+0.000|+0.000|
284:+0.584|+0.000|+0.000|+0.000|+0.000|+0.000|+0.000|
285:+0.602|+0.000|+0.000|+0.000|+0.000|+0.000|+0.000|
286:+0.603|+0.000|+0.000|+0.000|+0.000|+0.000|+0.000|
287:+0.585|+0.000|+0.000|+0.000|+0.000|+0.000|+0.000|
288:+0.585|+0.000|+0.000|+0.000|+0.000|+0.000|+0.000|
289:+0.603|+0.000|+0.000|+0.000|+0.000|+0.000|+0.000|
290:+0.603|+0.000|+0.000|+0.000|+0.000|+0.000|+0.000|
291:+0.585|+0.000|+0.000|+0.000|+0.000|+0.000|+0.000|
292:+0.585|+0.000|+0.000|+0.000|+0.000|+0.000|+0.000|
293:+0.603|+0.000|+0.000|+0.000|+0.000|+0.000|+0.000|
294:+0.603|+0.000|+0.000|+0.000|+0.000|+0.000|+0.000|
295:+0.585|+0.000|+0.000|+0.000|+0.000|+0.000|+0.000|
296:+0.585|+0.000|+0.000|+0.000|+0.000|+0.000|+0.000|
297:+0.603|+0.000|+0.000|+0.000|+0.000|+0.000|+0.000|
298:+0.604|+0.000|+0.000|+0.000|+0.000|+0.000|+0.000|
299:+0.586|+0.000|+0.000|+0.000|+0.000|+0.000|+0.000|
300:+0.586|+0.000|+0.000|+0.000|+0.000|+0.000|+0.000|
301:+0.604|+0.000|+0.000|+0.000|+0.000|+0.000|+0.000|
302:+0.604|+0.000|+0.000|+0.000|+0.000|+0.000|+0.000|
303:+0.586|+0.000|+0.000|+0.000|+0.000|+0.000|+0.000|
304:+0.586|+0.000|+0.000|+0.000|+0.000|+0.000|+0.000|
305:+0.604|+0.000|+0.000|+0.000|+0.000|+0.000|+0.000|
306:+0.604|+0.000|+0.000|+0.000|+0.000|+0.000|+0.000|
307:+0.586|+0.000|+0.000|+0.000|+0.000|+0.000|+0.000|
308:+0.586|+0.000|+0.000|+0.000|+0.000|+0.000|+0.000|
309:+0.604|+0.000|+0.000|+0.000|+0.000|+0.000|+0.000|
310:+0.604|+0.000|+0.000|+0.000|+0.000|+0.000|+0.000|
311:+0.586|+0.000|+0.000|+0.000|+0.000|+0.000|+0.000|
312:+0.587|+0.000|+0.000|+0.000|+0.000|+0.000|+0.000|
313:+0.605|+0.000|+0.000|+0.000|+0.000|+0.000|+0.000|
314:+0.605|+0.000|+0.000|+0.000|+0.000|+0.000|+0.000|
315:+0.587|+0.000|+0.000|+0.000|+0.000|+0.000|+0.000|
316:+0.587|+0.000|+0.000|+0.000|+0.000|+0.000|+0.000|
317:+0.605|+0.000|+0.000|+0.000|+0.000|+0.000|+0.000|
318:+0.605|+0.000|+0.000|+0.000|+0.000|+0.000|+0.000|
319:+0.587|+0.000|+0.000|+0.000|+0.000|+0.000|+0.000|
320:+0.587|+0.000|+0.000|+0.000|+0.000|+0.000|+0.000|
321:+0.605|+0.000|+0.000|+0.000|+0.000|+0.000|+0.000|
322:+0.605|+0.000|+0.000|+0.000|+0.000|+0.000|+0.000|
323:+0.587|+0.000|+0.000|+0.000|+0.000|+0.000|+0.000|
324:+0.587|+0.000|+0.000|+0.000|+0.000|+0.000|+0.000|
325:+0.605|+0.000|+0.000|+0.000|+0.000|+0.000|+0.000|
326:+0.605|+0.000|+0.000|+0.000|+0.000|+0.000|+0.000|
327:+0.587|+0.000|+0.000|+0.000|+0.000|+0.000|+0.000|
328:+0.587|+0.000|+0.000|+0.000|+0.000|+0.000|+0.000|
329:+0.605|+0.000|+0.000|+0.000|+0.000|+0.000|+0.000|
330:+0.605|+0.000|+0.000|+0.000|+0.000|+0.000|+0.000|
331:+0.587|+0.000|+0.000|+0.000|+0.000|+0.000|+0.000|
332:+0.588|+0.000|+0.000|+0.000|+0.000|+0.000|+0.000|
333:+0.606|+0.000|+0.000|+0.000|+0.000|+0.000|+0.000|
334:+0.606|+0.000|+0.000|+0.000|+0.000|+0.000|+0.000|
335:+0.588|+0.000|+0.000|+0.000|+0.000|+0.000|+0.000|
336:+0.588|+0.000|+0.000|+0.000|+0.000|+0.000|+0.000|
337:+0.606|+0.000|+0.000|+0.000|+0.000|+0.000|+0.000|
338:+0.606|+0.000|+0.000|+0.000|+0.000|+0.000|+0.000|
339:+0.588|+0.000|+0.000|+0.000|+0.000|+0.000|+0.000|
340:+0.588|+0.000|+0.000|+0.000|+0.000|+0.000|+0.000|
341:+0.606|+0.000|+0.000|+0.000|+0.000|+0.000|+0.000|
342:+0.606|+0.000|+0.000|+0.000|+0.000|+0.000|+0.000|
343:+0.588|+0.000|+0.000|+0.000|+0.000|+0.000|+0.000|
344:+0.588|+0.000|+0.000|+0.000|+0.000|+0.000|+0.000|
345:+0.606|+0.000|+0.000|+0.000|+0.000|+0.000|+0.000|
346:+0.606|+0.000|+0.000|+0.000|+0.000|+0.000|+0.000|
347:+0.588|+0.000|+0.000|+0.000|+0.000|+0.000|+0.000|
348:+0.588|+0.000|+0.000|+0.000|+0.000|+0.000|+0.000|
349:+0.606|+0.000|+0.000|+0.000|+0.000|+0.000|+0.000|
350:+0.606|+0.000|+0.000|+0.000|+0.000|+0.000|+0.000|
351:+0.588|+0.000|+0.000|+0.000|+0.000|+0.000|+0.000|
352:+0.588|+0.000|+0.000|+0.000|+0.000|+0.000|+0.000|
353:+0.606|+0.000|+0.000|+0.000|+0.000|+0.000|+0.000|
354:+0.606|+0.000|+0.000|+0.000|+0.000|+0.000|+0.000|
355:+0.588|+0.000|+0.000|+0.000|+0.000|+0.000|+0.000|
356:+0.588|+0.000|+0.000|+0.000|+0.000|+0.000|+0.000|
357:+0.606|+0.000|+0.000|+0.000|+0.000|+0.000|+0.000|
358:+0.606|+0.000|+0.000|+0.000|+0.000|+0.000|+0.000|
359:+0.587|+0.000|+0.000|+0.000|+0.000|+0.000|+0.000|
360:+0.587|+0.000|+0.000|+0.000|+0.000|+0.000|+0.000|
361:+0.605|+0.000|+0.000|+0.000|+0.000|+0.000|+0.000|
362:+0.605|+0.000|+0.000|+0.000|+0.000|+0.000|+0.000|
363:+0.587|+0.000|+0.000|+0.000|+0.000|+0.000|+0.000|
364:+0.587|+0.000|+0.000|+0.000|+0.000|+0.000|+0.000|
365:+0.605|+0.000|+0.000|+0.000|+0.000|+0.000|+0.000|
366:+0.605|+0.000|+0.000|+0.000|+0.000|+0.000|+0.000|
367:+0.587|+0.000|+0.000|+0.000|+0.000|+0.000|+0.000|
368:+0.587|+0.000|+0.000|+0.000|+0.000|+0.000|+0.000|
369:+0.605|+0.000|+0.000|+0.000|+0.000|+0.000|+0.000|
370:+0.605|+0.000|+0.000|+0.000|+0.000|+0.000|+0.000|
371:+0.587|+0.000|+0.000|+0.000|+0.000|+0.000|+0.000|
372:+0.587|+0.000|+0.000|+0.000|+0.000|+0.000|+0.000|
373:+0.605|+0.000|+0.000|+0.000|+0.000|+0.000|+0.000|
374:+0.605|+0.000|+0.000|+0.000|+0.000|+0.000|+0.000|
375:+0.587|+0.000|+0.000|+0.000|+0.000|+0.000|+0.000|
376:+0.587|+0.000|+0.000|+0.000|+0.000|+0.000|+0.000|
377:+0.605|+0.000|+0.000|+0.000|+0.000|+0.000|+0.000|
378:+0.605|+0.000|+0.000|+0.000|+0.000|+0.000|+0.000|
379:+0.586|+0.000|+0.000|+0.000|+0.000|+0.000|+0.000|
380:+0.586|+0.000|+0.000|+0.000|+0.000|+0.000|+0.000|
381:+0.604|+0.000|+0.000|+0.000|+0.000|+0.000|+0.000|
382:+0.604|+0.000|+0.000|+0.000|+0.000|+0.000|+0.000|
383:+0.586|+0.000|+0.000|+0.000|+0.000|+0.000|+0.000|
384:+0.586|+0.000|+0.000|+0.000|+0.000|+0.000|+0.000|
385:+0.604|+0.000|+0.000|+0.000|+0.000|+0.000|+0.000|
386:+0.604|+0.000|+0.000|+0.000|+0.000|+0.000|+0.000|
387:+0.586|+0.000|+0.000|+0.000|+0.000|+0.000|+0.000|
388:+0.586|+0.000|+0.000|+0.000|+0.000|+0.000|+0.000|
389:+0.604|+0.000|+0.000|+0.000|+0.000|+0.000|+0.000|
390:+0.604|+0.000|+0.000|+0.000|+0.000|+0.000|+0.000|
391:+0.586|+0.000|+0.000|+0.000|+0.000|+0.000|+0.000|
392:+0.586|+0.000|+0.000|+0.000|+0.000|+0.000|+0.000|
393:+0.603|+0.000|+0.000|+0.000|+0.000|+0.000|+0.000|
394:+0.603|+0.000|+0.000|+0.000|+0.000|+0.000|+0.000|
395:+0.585|+0.000|+0.000|+0.000|+0.000|+0.000|+0.000|
396:+0.585|+0.000|+0.000|+0.000|+0.000|+0.000|+0.000|
397:+0.603|+0.000|+0.000|+0.000|+0.000|+0.000|+0.000|
398:+0.603|+0.000|+0.000|+0.000|+0.000|+0.000|+0.000|
399:+0.585|+0.000|+0.000|+0.000|+0.000|+0.000|+0.000|
